797
2183
2546
2235
2405
3174
4102
5022
3666
4037
7110
7677
8725
9682
11489
13620
14315
24025
18013
19750
20913
22749
29083
18915
20459
24183
23825
25361
28705
28989
32719
32850
43209
37037
41197
43373
43348
47354
49617
52103
82909
55492
59965
69326
66018
68158
70630
95451
76723
79476
82593
86699
88782
93106
95310
100172
102220
106324
110146
112458
117276
130233
137499
133138
126178
125647
150213
133816
137936
142764
171586
166841
162695
173771
74524
83250
44412
46353
47311
33541
32642
34471
33938
34685
68913
58930
67661
66751
74225
76584
81660
82620
87473
98389
82139
79470
83085
89190
85235
104463
92467
92487
97818
93085
100146
120783
105330
103138
105462
111371
125893
109563
115368
117244
118507
117931
116694
123955
124607
129145
127926
135401
137268
139346
141987
158790
148014
146910
154180
166886
158645
155668
160535
165566
169286
155413
160023
334499
301302
292338
310365
294043
294503
299341
296331
305611
293998
301983
319499
301005
320056
302708
306274
323557
305302
307464
305394
308200
326476
304615
272370
192882
175298
190312
207628
195106
192715
188964
211663
195805
193804
202263
203387
204950
201449
221392
207324
211691
210467
228810
119240
164647
169099
162655
121801
139538
121777
121976
133696
123565
124633
124791
125683
126450
141063
127835
128304
129226
129567
131152
139291
131686
132610
133076
133548
134460
144466
135557
143577
137657
137829
149556
139791
139993
141101
187485
154355
143707
144054
144670
147091
33152
32561
31422
31102
38148
30585
45963
28435
28420
28506
28822
29069
29247
29895
29692
30081
30283
30492
30688
36028
31289
31374
31587
32051
32180
32420
32825
33004
33486
33524
33861
34131
34322
34684
35085
44179
35926
36250
36018
36242
36567
36833
37131
37531
37625
38170
38268
39012
39498
39552
39319
39726
39922
40190
88744
40941
60746
65928
41490
42135
42234
42408
43109
113326
52173
43747
43797
44216
44640
44751
45320
45579
45805
46168
47095
46724
58032
47333
47604
48061
48194
48556
49612
49047
49566
49797
50369
50360
50889
51268
51391
60042
52165
52315
52557
52923
53338
53575
54123
54816
55309
55799
55162
65267
55750
56208
56816
56898
57214
57591
57953
58227
58596
60143
59518
59639
60023
67191
60776
60840
61472
61702
62093
62367
62871
63140
63559
64131
64288
65068
71732
65217
65623
65928
96532
82994
66818
67240
67455
68848
68205
68480
68933
69541
69911
70111
70443
71045
71352
72024
72255
72708
73035
81493
73703
74059
74673
74613
74972
75476
75854
76090
76767
77190
85191
77647
78088
78408
79430
79361
79616
81200
80331
127174
81306
97002
81964
82338
82587
83093
83633
84087
84281
85062
87943
119676
107000
99732
87211
87557
87659
105661
88693
91123
89491
90051
137781
90686
91288
91482
91958
92370
106801
93283
93745
94002
94522
94826
95223
95920
96553
104207
96845
97647
99211
98179
98551
99739
99613
101416
100842
107622
101650
102415
103623
102753
104555
103356
104046
104457
113614
105551
105527
106433
108107
107609
107662
108080
108755
180330
113246
113107
112254
112596
112328
112499
127362
113113
114020
115321
114637
116079
115150
115465
116276
124274
118871
117851
118416
118831
121118
120755
121142
138584
131540
131672
131618
132933
132951
141831
133691
142048
124658
124928
126761
175606
204092
127808
127993
145414
166212
129084
129518
144214
130835
131051
131335
132037
133051
133177
140745
134884
137106
137073
135946
136523
137011
145304
137319
138020
138639
138948
139429
149375
158407
152777
153250
153708
154556
154848
175757
144110
144784
145131
145628
177370
194896
174334
160670
161834
162079
162065
196107
151444
150960
151448
152912
153230
168516
153761
154503
154720
156069
156203
161879
157150
157621
158290
158826
159113
168512
160119
214370
212813
162652
180073
211678
163690
164244
164649
227725
202180
204980
183992
181345
194888
191538
170982
169757
172109
171180
181397
173691
174449
172906
173497
180282
176760
175308
178688
179964
180622
184000
178353
202135
216123
180411
189592
182122
182030
184345
182975
190549
186214
185541
185473
186353
192182
188020
188250
188249
189992
189919
200888
190668
191216
191648
192317
238829
255899
195888
212936
215099
196287
197797
197513
197646
210304
199424
199739
200730
200776
212126
202177
202846
203461
213969
204878
206281
207199
237741
362354
268288
209793
210674
246685
242720
210932
212668
223706
212444
259888
246840
227563
215411
215682
217317
218007
228590
218718
219021
219779
233815
220663
221889
264487
310226
223814
289619
225290
237259
225978
227484
227612
237872
228350
229288
230062
236746
231281
232697
233627
233433
240314
234708
235643
235668
241369
236738
237941
273430
268941
241062
243273
244526
259122
243030
244526
244086
254252
245289
246489
259274
248018
248510
248543
286335
346578
325926
269416
277307
325343
257926
338864
256696
255549
311664
291136
275168
471834
447745
261136
271132
308791
486796
509001
535198
504267
490245
507379
461921
385189
277368
281914
272097
280917
284506
316265
357416
293981
287373
277178
276760
277837
351716
276545
277596
316489
258990
262160
272839
263880
264406
265617
277526
263424
263974
264960
294264
268911
270707
276720
268333
269426
269418
274949
271350
272716
272462
290879
330027
308044
292722
276120
328528
352823
297408
279951
291824
280011
280544
290886
289771
348543
293841
284311
284861
286179
301284
286925
288248
296230
289101
289650
308147
301918
292359
292439
305875
290093
274796
288418
276305
277068
277469
287725
279577
279853
316140
292536
358525
282614
312970
284075
284758
295312
285822
286303
295929
288466
289039
289213
304585
290636
291122
339746
328467
293432
306110
295352
310119
302112
296795
297950
298461
388949
299766
307198
316464
304542
303314
313191
304155
304507
368255
348065
321895
324049
308467
309568
323852
310091
310876
326225
313497
312638
321339
315204
314777
328257
317115
299579
300474
350980
319987
320277
335236
322041
323901
333699
323318
324112
333111
325595
327807
335945
382914
420721
330139
346957
338090
332085
332188
337492
334927
334459
340026
343357
336422
342570
340298
342229
346004
340126
412190
379646
368023
389027
343734
344711
358689
345734
346810
352309
348167
353512
367341
421359
393143
363436
353270
367741
354525
364913
356287
356548
366086
358074
358612
375241
337705
338142
374548
419090
377895
364857
368612
374305
367371
376565
363521
392491
378968
371258
372950
460817
356054
415396
374888
376934
379597
353301
357449
354427
355028
360655
359749
357346
364350
359305
362655
382953
362434
368914
362432
363462
368593
364936
365114
371289
366774
371767
366048
361494
444228
420957
408703
372897
373753
391352
352240
352931
359454
354838
360338
355837
356397
361025
359627
371926
390559
382541
408464
385008
384980
390286
386560
387944
397923
400681
406592
478508
421204
401326
392873
441243
420697
464421
422736
451375
397888
410546
400188
400708
409647
419648
445809
432363
403729
437294
407259
415697
406663
425007
407827
409103
501227
432211
425272
412557
421155
413924
414004
429647
391575
395502
392963
393883
399022
395608
414106
397902
397448
408115
399106
410347
400716
402005
408970
405429
425059
404531
493571
419726
406943
444565
459534
515993
469847
449777
438472
456415
413240
418863
414629
432478
460259
443451
453060
418836
424040
420016
420441
423996
421581
426299
502527
475515
431990
434967
429627
441689
428680
429132
436377
430929
443420
435574
445688
476810
443431
435369
435708
446889
470760
470223
439360
449585
440762
488463
474905
501702
443939
452575
447910
449974
458296
448685
460256
455675
468771
455242
492597
467235
468253
455724
468175
499514
499402
533383
530560
522128
620465
538598
534301
525401
539981
536597
592821
535363
528707
533510
530318
594445
532538
556732
538323
534468
541454
537454
545771
630825
601142
540686
555197
552435
542856
551210
546199
554254
546281
560758
605613
553082
564451
551266
560018
591377
596335
653377
597218
614509
598100
591598
565180
560706
574180
530004
561991
565149
586258
506388
501269
505425
502231
507272
504515
508400
506550
657823
588974
553603
544458
552091
550541
544735
554938
545485
609038
588239
561851
557676
549866
568333
519405
526416
521295
527944
598679
550787
525465
537316
530939
527222
532858
529984
533214
531409
541190
542890
543472
534507
543326
536227
544118
545297
539965
621305
613639
575487
547998
535425
521453
553733
551047
548953
550830
548036
596768
561008
552003
556940
552817
557822
553949
558730
643319
596729
569158
558886
566268
559778
568344
573036
563633
574974
598737
612008
596366
558323
540881
537914
541303
539071
551449
605635
611041
586110
588395
581881
578187
590491
583075
580233
589879
597156
592607
592412
584830
592780
586804
594954
611267
650462
642864
616153
592424
597052
593829
613218
571592
613753
630789
618100
607336
587735
568133
576859
569612
575551
630489
655527
615869
607884
618937
617347
610874
628444
627150
614118
640351
615283
657236
655861
618744
622696
625587
701874
675806
643797
589078
598265
595181
591402
619338
628821
648876
675909
631264
643492
641757
636292
646313
654278
702557
684826
646225
640033
716557
646974
642462
646780
611451
624513
641327
649156
653614
652616
650202
646839
723024
694949
657731
668520
655729
657790
667704
621536
631169
704157
661420
662907
634960
678932
676821
673473
774518
719244
682103
685564
634150
638277
639753
636757
640668
684635
686713
680183
645077
642833
682173
764441
696980
696595
693909
658477
648606
658402
713953
700602
730679
678057
694848
699050
702658
699356
711692
787537
737949
700040
707783
705152
711432
680380
669993
731585
708362
715815
719247
676621
671752
830555
757126
725841
694077
682036
680116
678944
682495
703548
764798
729743
728479
687957
738669
728663
807515
786742
728696
738623
738481
738574
732945
967219
842930
798176
788548
790710
786226
792463
942145
806058
795118
794525
767856
751475
751994
800165
749257
759084
762922
762842
752967
836738
848547
770627
762637
758857
763555
765243
764522
816382
823976
798259
774366
775303
788786
841504
782295
777353
779081
779582
773941
782862
824845
805806
818200
779755
784099
784080
878325
833015
784899
793236
782594
747176
749457
746466
845759
798277
757966
752885
758532
826534
827056
817469
821393
810025
792007
762094
762432
791076
770109
772712
772468
771065
765022
890883
830475
779745
776957
771710
777958
779769
794473
781496
774329
835736
785201
787426
862780
794813
789990
786588
787168
791196
784938
790844
807420
792745
795298
790642
794897
869399
816969
802875
803621
803643
858382
805290
809130
826550
801613
806261
810573
807261
881812
831931
807977
814610
814489
813806
814059
812769
831975
828293
822512
823794
878481
903384
835352
830545
826585
827366
828137
830120
843395
832461
847640
837508
834433
835256
913750
846237
843752
846295
845677
894647
849360
861881
841220
850139
865796
857312
922339
866629
854732
852020
851155
856743
854385
868741
866352
862166
864038
857881
890755
974399
868975
868091
870310
869557
926078
891152
871970
871902
872565
873817
949193
896746
885312
885496
882909
884492
878296
927485
910566
888330
889838
886157
961883
908430
893839
895276
892103
889748
897370
931634
902666
901956
900858
921009
1020460
970637
905757
908459
909498
905183
917788
915892
909636
911860
912367
986326
933233
920131
920745
920905
921880
926204
939409
924280
969502
929896
928105
1011977
946327
930416
931842
930336
935598
947572
934595
936543
935206
940768
1015209
957961
944372
995184
943043
943328
966675
953195
950789
943677
949890
1025454
967476
959377
956350
958345
959683
974035
963916
962287
1012623
967403
1035569
986526
968728
966820
966206
971861
988370
975921
975380
976417
975127
1070592
980780
982898
984694
1011909
1092776
999659
984640
986337
984518
1060998
1009015
992354
991657
991399
992833
1007387
1000416
998676
1001345
1006724
1132694
1006003
1007521
1024590
1011437
1008025
1020456
1009354
1008260
1011423
1092348
1030948
1015881
1022090
1020856
1048352
1059085
1036248
1021437
1022283
1035731
1092839
1029589
1026335
1026932
1029386
1048820
1038781
1036045
1035694
1037359
1181126
1038191
1037892
1038500
1041961
1054220
1051389
1047158
1044845
1047922
1138672
1057232
1054692
1056395
1055047
1070518
1117995
1058236
1060477
1057090
1153959
1065202
1065784
1062013
1065137
1079905
1073957
1072838
1079192
1105935
1123853
1102757
1100319
1081379
1079723
1108282
1079773
1082441
1082191
1198815
1100613
1089998
1088240
1092537
1092235
1106094
1166522
1097111
1091951
1186730
1103026
1096086
1096521
1097716
1116072
1104994
1101999
1102290
1176483
1126017
1109388
1114931
1162252
1115316
1133249
1114527
1113401
1114207
1208053
1125684
1159465
1142625
1127778
1175743
1129276
1134458
1184301
1231056
1143208
1160068
1135334
1136994
1203436
1138699
1138784
1140775
1218515
1159440
1140974
1145485
1201730
1161693
1157608
1152953
1209587
1249896
1170807
1152268
1156064
1155290
1187050
1159523
1163757
1158805
1268057
1222734
1207163
1165539
1169343
1183093
1172838
1170540
1178074
1248192
1190607
1177603
1175092
1178575
1196867
1180988
1183860
1182790
1276496
1185742
1189205
1192215
1187898
1213227
1194341
1196067
1196145
1287942
1198588
1197042
1198580
1202515
1219301
1202181
1202688
1202569
1300358
1210711
1214402
1210685
1233981
1215363
1220325
1219304
1298080
1252122
1219885
1222860
1227642
1242693
1264281
1224871
1228549
1320454
1233420
1233526
1245877
1237334
1250322
1236321
1240485
1309442
1257341
1239475
1245902
1243401
1257523
1254735
1257458
1251286
1378134
1262847
1253747
1258584
1271292
1278655
1266835
1284980
1359114
1266865
1261808
1464346
1270018
1312477
1270714
1279157
1276109
1315081
1275304
1278373
1274808
1307636
1298830
1278811
1323627
1323638
1283202
1286746
1289898
1326556
1295602
1293470
1290780
1317436
1296963
1297808
1298538
1334574
1331693
1318365
1301168
1335425
1309418
1304307
1307863
1337631
1312103
1377800
1313467
1375009
1325433
1315650
1322484
1320794
1336689
1327688
1326127
1355370
1329775
1328152
1328364
1364407
1380214
1337128
1368644
1373040
1335838
1340958
1338536
1338743
1348564
1361704
1344710
1381043
1386940
1351184
1369185
1389345
1362862
1352397
1357269
1389659
1360536
1357958
1361701
1395509
1410926
1383512
1365888
1370368
1368060
1372588
1397144
1378769
1384077
1383239
1413405
1383225
1414919
1384432
1410457
1403316
1399148
1389334
1395344
1387884
1387480
1394556
1424493
1402914
1433964
1442653
1413574
1402955
1406086
1430656
1428611
1404175
1408930
1407128
1408179
1416995
1449707
1449418
1414092
1414973
1463193
1420645
1422329
1420564
1459134
1441187
1441893
1426269
1471280
1432311
1431453
1468909
1441371
1436833
1435083
1469680
1447492
1449999
1449433
1609549
1481022
1461109
1476081
1463899
1450607
1450693
1495215
1458713
1468694
1464572
1538600
1459417
1462984
1466193
1490190
1465647
1474927
1502433
1480699
1473514
1521690
1517775
1482765
1474365
1511059
1479000
1484156
1484479
1506423
1484903
1488947
1522596
1500355
1534421
1534347
1501208
1497047
1494642
1527933
1504038
1509099
1502761
1524617
1544686
1514368
1536640
1530483
1523009
1543619
1540904
1520996
1530929
1559373
1542117
1561363
1570054
1532056
1544656
1529025
1526784
1530998
1528426
1567924
1545726
1548412
1632348
1587218
1556100
1545178
1577640
1560983
1559821
1548371
1551638
1552466
1555009
1627718
1556144
1757377
2467664
2602967
2249389
1604040
1570334
1618937
1578184
1567899
1571986
1576322
1571269
1574236
1574414
1582797
1576316
1579491
1814885
1621876
1600122
1594383
1591957
1594821
1588375
1592709
1597163
1593310
1637331
2018942
1689634
1624790
1612723
1610717
1607989
1608258
1605459
1639972
1667519
1611852
1624657
1616186
1613027
1620146
1641401
1627472
1621866
1623198
1664742
1640390
1639149
1627318
1633043
1629675
1631161
1633013
1635042
1659595
1674344
1649234
1643718
1678779
1765276
1649699
1649606
1648829
1653873
1655097
1703577
1666987
1688106
1657518
1661571
1661521
1661531
1664780
1668106
1670630
1704413
1708081
1684117
1702225
1693717
1701487
1690376
1681349
1680886
1681990
1738024
1686224
1743484
1719137
1702393
1701398
1705231
1738849
1707089
1984497
1732573
1704034
1735112
1715321
1702904
1708037
1713287
1711126
1709790
1774826
1726839
1727921
1718463
1719856
1719240
1723373
1721259
1729977
1727852
1761707
1738309
1732249
1756496
1731149
1743890
1734523
1737312
1737021
1740652
1782901
1746130
1746545
1746748
1755206
1777458
1749348
1754649
1755682
1808216
1762031
1775437
1760691
1762232
1760675
1766166
1772801
1789486
1828189
1772087
1775183
1780047
1780766
1780977
1779010
1781006
1785122
1825366
1789871
1806046
1789531
1794733
1791402
1794548
1789752
1800058
1795780
1862449
1807254
1812153
1823263
1812602
1814687
1809310
1815428
1809842
1856813
1845805
1816413
1820395
1818526
1817324
1824552
1847260
1831099
1870267
1830265
1830713
1832706
1833427
1838400
1840531
1841615
1839176
1895664
1848618
1861258
1846162
1858828
1850160
1850503
1848139
1854314
1896878
1858833
1875449
1864249
1863879
1861033
1866663
1870083
1874889
1909437
1871873
1871406
1872975
1870198
1900968
1885997
1882149
1885970
1926888
1901729
1887576
1898208
1890690
1890371
1899728
1931534
1955844
1920258
1899172
1899727
1902632
1901229
1910550
1913340
1916599
1953448
1941899
1913248
1918706
1920628
1928178
1928160
1921968
1924656
1971470
1946088
1931484
1950735
1933955
1935641
1934048
1938329
1979477
1937102
1941962
1949851
1941866
1946444
1972365
1947723
1950044
1995566
1955960
1958370
1960151
1960111
1961169
1965123
1962679
1988668
2010541
1986592
1973179
1973879
1974229
1973926
1979081
1980177
2017986
1980152
2115787
1985818
1991692
1987561
1990689
1991879
2035146
1996396
1999527
1999348
2026151
2006029
2002762
2003199
2052337
2016922
2026049
2019343
2015383
2017328
2023702
2037886
2018989
2059316
2022136
2027007
2027025
2026811
2028661
2028664
2033724
2118360
2044704
2083549
2039179
2039778
2041390
2042593
2053469
2090197
2067335
2071385
2050407
2052693
2055020
2055194
2064908
2095958
2062441
2065796
2064509
2066269
2086602
2068749
2069820
2118271
2158109
2100697
2077682
2080406
2085604
2086406
2104433
2134170
2107838
2090405
2090645
2095121
2096978
2096530
2133101
2102924
2128186
2105685
2107692
2107458
2112308
2110938
2112299
2154794
2112963
2116896
2136177
2130618
2129195
2124312
2169298
2136119
2144646
2132465
2131864
2134857
2157255
2141026
2179595
2139367
2139793
2144983
2145269
2146711
2151807
2153608
2173300
2154902
2157310
2156610
2163219
2158725
2161096
2163767
2168487
2186395
2194553
2176864
2172333
2180624
2270770
2184198
2204094
2184681
2185165
2233932
2197355
2208200
2190785
2197635
2229110
2192873
2240793
2203384
2226505
2237313
2201038
2208478
2227129
2241989
2209186
2213799
2253505
2214682
2266096
2217978
2226318
2220051
2228292
2258672
2232780
2268351
2230876
2261205
2268885
2235282
2246108
2242321
2281360
2253703
2291700
2249553
2255151
2284661
2275981
2283888
2254686
2254140
2290059
2261934
2287756
2261589
2263520
2289448
2275805
2299412
2275029
2332411
2276422
2302366
2281115
2278591
2309709
2288543
2311757
2289246
2325434
2290829
2321488
2298824
2297894
2314607
2308759
2334876
2302781
2329644
2318361
2315232
2346389
2318904
2339498
2331548
2319880
2316099
2351322
2336099
2325664
2358759
2336418
2358324
2350310
2342826
2333496
2340518
2367597
2338209
2386894
2342833
2376406
2374381
2348432
2351345
2354415
2455006
2367788
2411573
2364053
2393477
2382630
2395021
2364943
2370673
2410309
2381192
2415147
2379698
2380144
2409471
2413847
2386960
2419155
2397445
2395014
2417263
2392082
2392500
2433490
2424875
2398765
2433390
2401530
2440286
2403281
2404953
2430707
2410156
2443155
2414360
2454707
2417714
2446435
2424905
2444207
2446861
2426862
2434180
2441707
2464561
2432275
2472666
2444945
2466173
2461837
2441390
2560116
2482189
2456787
2450976
2497509
2454126
2514181
2457328
2463338
2476380
2510711
2484601
2529737
2486006
2497365
2500368
2473307
2483944
2504703
2484578
2541607
2486362
2483333
2544292
2494509
2529192
2490252
2537794
2495835
2528073
2503932
2505935
2538874
2545871
2511176
2566481
2508398
2557697
2517995
2522048
2543883
2539515
2570734
2521501
2570056
2556871
2579562
2539261
2534224
2568670
2585754
2562416
2587600
2557666
2602829
2582796
2588142
2570134
2584786
2555153
2598762
2561116
2610206
2595194
2600361
2594042
2593839
2591785
2685153
2586550
2626263
2599833
2633985
2598736
2598044
2589115
2592196
2617588
2598859
2655267
2592176
2645172
2618074
2647254
2603364
2650693
2614870
2649962
2631256
2630549
3345875
2633738
2660522
2636777
2642209
2648647
2621505
2630645
2633300
2677807
2670523
2677665
2651043
2681059
2639100
2644490
2648823
2673188
2645419
2688647
2650337
2675187
2655104
2683394
2651742
2661638
2658242
2682849
2671903
2705218
2664818
2698306
2673338
2671926
2674027
2705305
2693077
2700316
2710299
2687280
2685362
2692256
2717681
2694036
2731169
2704646
2726556
2708966
2707240
2711093
2735603
2708058
2742531
2714547
2748306
2718173
2747089
2717044
2763618
2723562
2754667
2729497
2728668
2732420
2762537
2745567
2794825
2737957
2769436
2745646
2739867
2748891
2771682
2750986
2796516
2832690
2758638
2758514
2768167
2783964
2764627
2796610
2765525
2804970
2769695
2805334
2775137
2776235
2774918
2836702
2785654
2944790
2793569
2822300
2794598
2803799
2819161
2801205
2836608
2801387
2828607
2814420
4710400
4202674
2820382
2816725
2810551
2815112
2819898
2816731
2878485
2825200
2830619
2827419
2825635
2830396
2838271
2830742
2838771
2882667
2833835
2841724
2845152
2883100
2845824
2850508
2846983
2891735
2856220
2860961
2994670
2920256
2863635
2868102
2907122
2870304
2868950
2886889
2916996
2879346
2881957
2879393
2926017
2880450
2887717
2926474
2890352
2894343
2891262
2933735
2900063
2899816
2899702
2975449
2909942
2906265
2944494
2909257
2906050
2915335
2957122
2921309
2926956
2927843
2961576
2926400
2936292
2971184
2935552
2936683
2941063
2977616
2937539
2940725
2984210
2946213
2953040
2964982
2991412
2956098
2958903
2957578
2997687
2968382
2962501
3003213
2976462
2987788
2980760
3015561
2973401
2983873
3014534
2983023
2984967
2989190
3030205
2991251
2993710
3030428
2999917
2998583
2999809
3047629
3009526
3007466
3006955
3089645
3014685
3014962
3057737
3016119
3020670
3019401
3070936
3028044
3035007
3069885
3035586
3120506
3047620
3120061
3051978
3046165
3173355
3047315
3104088
3115468
3070251
3059551
3066298
3151799
3323570
5245066
5905320
6237379
6225567
6242604
4905340
4245544
3087173
3086207
3136936
3083085
3089278
3086249
3125416
3092835
3095905
3134807
3097617
3100599
3107810
3172406
3104256
3112188
3150513
3120239
3113508
3165275
3121814
3804217
3256238
3186411
3137367
3131169
3169364
3131669
3131459
3169454
3149147
3138710
3144370
3190749
3148684
3148184
3219354
3160113
3162493
3200543
3160073
3164569
3164694
3208234
3169977
3177496
3208082
3173566
3173906
3182447
3220613
3178690
3183255
3260613
3184091
3191558
3229304
3206739
3206777
3238398
3202189
3204381
3202055
3283489
3212263
3213306
3249788
3219639
3216971
3302089
3225188
3228815
3225296
3266043
3263054
3257243
3273590
3235144
3237205
3323384
3249739
3278881
3288978
3275577
3251061
3257095
3325476
3254941
3294264
3330648
3265682
3267544
3333359
3277146
3312005
3309127
3306814
3309009
3283158
3322313
3308310
3286439
3370735
3289202
3322377
3340746
3295017
3334126
3376984
3302158
3349756
3388882
3309641
3346110
3321186
3399793
3337429
3337893
3387267
3328470
3357847
3420630
3338327
3371264
3398565
3337716
3372804
3407701
3349812
3347159
3391568
3378914
3389690
3355324
3423593
3356860
3368324
3431176
3371530
3396430
3442179
3373128
3431006
3452951
3376631
3406376
3449638
3385226
3419151
3427044
3397809
3417846
3435340
3430635
3426891
3435072
3406071
3439336
3411032
3537285
3495513
3423732
3458594
3440388
3438092
3560380
3449506
3426432
3501603
3433103
3483541
3501302
3448923
3439248
3516372
3436615
3482150
3513790
3452842
3452764
3542361
3454856
3493548
3528793
3463884
3468105
3540756
3468509
3516758
3544798
3490756
3510597
3522495
3479600
3524812
3601756
3556740
3520832
3535880
3494172
3522204
3573692
3502107
3528436
3571013
3519957
3581129
3589377
3520361
3569411
3567303
3578635
3554311
3592133
3530702
3563410
3610800
3533923
3588469
3631514
3537566
3545934
3628088
3565102
3586359
3616834
3562927
3558027
3631972
3563827
3595592
3635452
3564797
3566519
3640908
3578576
3615048
3660662
3587021
3613708
3628074
3585131
3631855
3674470
3595606
3622024
3646613
3600744
3629036
3723506
3662205
3605572
3654111
3638639
3610456
3696285
3643034
3624064
3694246
3667262
3660553
3666525
3633671
3664873
3691725
3675616
3706244
3649411
3647817
3744514
3650274
3681757
3727270
3656085
3664571
3732994
3732718
3716379
3757947
3689927
3686967
4627095
4255439
3771806
3694498
3686316
3728066
3689672
3688308
3744826
3706000
3707608
3769590
3701772
3709844
3751250
3722503
3784484
3717575
3709515
3756723
3715250
3725785
3761424
3745750
3733883
3773774
3724324
3734163
3774632
3745420
3739143
3782683
3749364
3746972
3794441
3751211
3808135
3755421
3768637
3810827
3782845
3774098
3808378
3963811
3811256
3817384
3776784
3868719
3780559
3804078
3826358
3785516
3787297
3866755
3798173
3796482
3913190
4029522
3805324
3859468
3819101
3854558
3837966
3836552
3852235
3815815
3818809
3872222
3821940
3832030
3875958
3831306
3875787
3847682
3842636
3897246
3848126
3850207
3886749
3850917
3856317
3893811
3859736
3915294
3910290
3862530
3903153
3866947
3890269
3914507
3879259
3879486
3913421
3877268
3956521
3891732
3897648
3940547
3885888
3924774
3944131
3924988
3899905
3944129
3929382
3947154
3911132
3916986
3954023
3919719
3942607
3967546
3924603
3975234
4084690
3946060
3975902
3934860
3937786
3975249
3942525
4003238
3952058
3951116
3995404
3957887
3991524
3998413
3971005
3999209
3964810
3990493
4006829
3974702
3977094
4051074
3977142
4037715
3998580
4006704
4035419
3988463
4015637
4037965
4011574
4056430
4006719
4025249
4055351
4017217
4009409
4080620
4023925
4084034
4015281
4072764
4078591
4039564
4058729
4124132
4044176
4089937
4036845
4063438
4101027
4041669
4097486
4050135
4076179
4098388
4058578
4065039
4106284
4064047
4166963
4089800
4092879
4121027
4223730
4154937
4085387
4091480
4125483
4100820
4113902
4146859
4093093
4141182
4116546
4127525
4148614
4114838
4147112
4108783
4480208
4200579
4120236
4164968
4196224
4152150
4192848
4134188
4129047
4173917
4158955
4175044
4138987
4177765
4183180
4171792
4203117
4147342
4174378
4234678
4165527
4220542
4166290
4209153
4258538
4194445
4268839
4180820
4195843
4261822
4215231
4266958
4195290
4213614
4295069
4336464
4308044
4394897
4272121
4351461
4249737
4349451
4244855
4284433
4313067
4247371
4313831
4263843
4254885
4328677
4270032
4324405
4234695
4291573
4274449
4265168
4465281
4281663
4287424
4360963
4317558
4333331
4258266
4301123
4369605
4328466
4393271
4286957
4311116
4363505
4296327
4376120
4330257
4344391
4323709
4320820
4407076
4327630
4366523
4349956
4330746
4392045
4339360
4411398
4312083
4368460
4386576
4358185
4438495
4322196
4368557
4397431
4352949
4476179
4377667
4439067
4349733
4384093
4448153
4402454
4451392
4355635
4389645
4453073
4355950
4481129
4421539
4372325
4489606
4393518
4479419
4423178
4468098
4381146
4403085
4490393
4536841
4494586
4421265
4500527
4406938
4439838
4512126
4440975
4490591
4410653
4441411
4507245
4471595
4537829
4454234
4488591
4479485
4496043
4504644
4461524
4533499
4440785
4545367
4771291
4456932
4452241
4460210
4457970
4456237
4460467
4492009
4459244
4474452
4466609
4479636
4471003
4475679
4474403
4479742
4486973
4492000
4487149
4494372
4493115
4504830
4495652
4512605
4499699
4506774
4893392
4533426
4522717
4515286
4525311
4523247
4529425
4540115
4527788
4529804
4548543
4538916
4540199
4546018
4550476
4556136
4542439
4551389
4549525
4557401
4556305
4561893
4620516
4571054
4605276
4587308
4593416
4579797
4582044
4590704
4655152
4591099
4653386
4587941
4592419
4754941
4619670
4671570
4636395
4682837
4629139
4680688
4610674
4624245
4681161
4622333
4688819
4618476
4691740
4632578
4627490
4704292
4637611
4698997
4644025
4711745
4654487
4790670
4655261
4656729
4760630
4661144
4739900
4705348
4729520
4672775
4683777
4730489
4678839
4791703
4677880
4750321
4685483
4750051
4691685
4693171
4758911
4721185
4768189
4712911
4771173
4711662
4772345
4717188
4718880
4786198
4806552
4754597
4747232
4735884
4729538
4737311
4741630
4748485
4745202
4745098
4786654
4753272
4747987
4831178
4764898
4761399
4776899
4835309
4773321
4774950
4866521
4781942
4772876
4785239
4836605
4916803
5901290
4887739
4801611
4819198
4874544
4807585
4811489
4841408
4873042
5220558
4840792
4914851
4850066
4819546
4945243
4839908
4861796
4843447
4954037
4849914
4862303
4974859
4848611
4842743
4852711
4971480
4873960
4854092
4952736
4883642
4865510
4865484
4967279
4872701
4898627
4971053
4887101
4876666
5001856
4887550
4881983
4895071
5006061
4894035
4904473
4993568
4927170
4907221
5002091
4913892
4924797
4948441
5021991
4929544
4927881
5048074
4938754
4945836
5055988
4972185
4949450
4940241
5042905
4954526
4963782
5061073
4961020
5085876
5117379
4975017
4974894
4969690
5097398
4976648
4974357
5080954
5012896
5033525
5121232
5035451
5022905
5028837
5127652
5035608
5039991
5144356
5003231
5042740
5152992
5070078
5017976
5063320
5152260
5072954
5062368
5180608
5075259
5073485
5172440
5085809
5077726
5151448
5106138
5089776
5079461
5162910
5124062
5108718
5220502
5068013
5128293
5175426
5156691
5136454
5248894
5082859
5114055
5139966
5243185
5096826
5185107
5233766
5168760
5105859
5215175
5105649
5141161
5221581
5113262
5117673
5138761
5262483
5131269
5153653
5230678
5167410
5157853
5240392
5143480
5169096
5262522
5156255
5149944
5278867
5157391
5169812
5284715
5195121
5175483
5170202
5270459
5206080
5183199
5278274
5189613
5224454
5298732
5194568
5194926
5313168
5208867
5202196
5266489
5256776
5211972
5237665
5322750
5234049
5235342
5335413
5268712
5306364
5372500
5249903
5276278
5386107
5262300
5259540
5361569
5269399
5260044
5391538
5265479
5278037
5385874
5329305
5325158
5354669
5429700
5271952
5313957
5414675
5317575
5372251
5402851
5692166
5311612
5420247
5296452
5330166
5421190
5309486
5324567
5459422
5335695
5333111
5482162
5366005
5369409
5447323
5372775
5387622
5468721
5370335
5343297
5448303
5380632
5365822
5357968
5485576
5358806
5417299
5469756
5393070
5375948
5500847
5440886
5418928
5510009
5417449
5410298
5568229
5408883
5432408
5500808
5437201
5408199
5517286
5432407
5485971
5530169
5446112
5450684
5556838
5461092
5458658
5575399
5461320
5471205
5570079
5464067
5444398
5542210
5444090
5481399
5554298
5453867
5455373
5616089
5462130
5470081
5561861
5502512
5473943
5576729
5483639
5519373
5625229
5491538
5515235
5625613
5502631
5502701
5623062
5505032
5508743
5621895
5540175
5565396
5617609
5523362
5554582
5634813
5531594
5566636
5681772
5558216
5544598
5634476
5639879
5546339
5647001
5564277
5584817
5674714
5571802
5591828
5700483
5645259
5567282
5701047
5609823
5579951
5704026
5620905
5587063
5693416
5597266
5631876
5714169
5598410
5649235
5711134
5617209
5615999
5734133
5621167
5681723
5736645
5653588
5652682
5730086
5633197
5774884
5645756
5641190
5645096
5764014
5651133
5799658
5690930
5677958
5759371
5732568
5869970
5807759
5759292
5678189
5829655
5680243
5687336
5809650
5700106
5721829
5799701
5719415
5724509
5807576
5715570
5742185
5815101
5722001
5744589
5812251
5736220
5779938
5833904
5733275
5833788
5745302
5766907
5845071
5742871
5797606
5900725
5759917
5760176
5879383
5760585
5770671
5862445
5792816
5779584
5894718
8388616
5930857
5786096
5791652
5897063
5806449
5808335
5916133
5846405
5855258
5896812
5816385
5822269
5855125
5819611
5871486
5829938
5849868
5881406
5861116
5837185
5881792
5841838
5843473
5930149
5858353
5857669
5893520
5871415
5880081
5924438
5874908
5920021
5884493
5906741
5917837
5908835
5885626
5926102
5890842
5914634
5951447
5896603
5908993
5959432
5914209
5960157
5939413
5919152
5990394
5924428
5960387
5968243
5931706
5958794
5975843
5942231
5953968
6010120
5947400
6044370
5988489
6027554
6031294
5999188
6001532
6096905
5983282
5993033
6096961
6015764
6053095
6030274
6005491
6064273
6014736
6056340
6102167
6057566
6054256
6071031
6022769
6067702
6102759
6021417
6082134
6042954
6031228
6098552
6032172
6072236
6092778
6040123
6102417
6116982
6051051
6089109
6097018
6081142
6127167
6084455
6072426
6110166
6071130
6133690
6092117
6079803
6153352
6087006
6095834
6127139
6116799
6094653
6143833
6125878
6172866
6102842
6113732
6172088
6123805
6117154
6192349
6155722
6214599
6133159
6156894
6241402
6143214
6174264
6255714
6150032
6268776
6192745
6160630
6255837
6191148
6171194
6271741
6190052
6185514
6278989
6178003
6315486
6186394
6202494
6309363
6197786
6209199
6299492
6231696
6322270
6207509
6245550
6314135
6235696
6259810
6316315
6225203
6308731
6481154
6408104
6373478
6280642
6321567
7131042
8045286
6349774
6261610
6323616
6285813
6276561
6337288
6304740
6274050
6376382
6300743
6390964
6304452
6329010
6385855
6306649
6322060
6355220
6296543
6359908
6331568
6314601
6371105
6321179
6410591
6328289
6332724
6398965
6337689
6335725
6412341
6350420
6407771
6346614
6378023
6405948
6355710
6440418
6362479
6372764
6426941
6424022
6369082
6432933
6402399
6491188
6412573
6419167
6490427
6411737
6515031
6404204
6409883
6530117
6424222
6509809
6462171
6427058
6516785
6426141
6426415
6543729
6434142
6548096
6435781
6437436
6530941
6451567
6533234
6492715
6455504
6556644
6464325
6584642
6542613
6475667
6583145
6563779
6473264
6577338
6509535
6585830
6535058
6523337
6616426
6511018
6625998
6569830
6887516
6727215
6549796
6620845
6520662
6558082
6647060
6541275
6703683
6539598
6547393
6667240
6554927
6639413
6554050
6579918
6646306
6559782
6685201
6576473
6566540
6693189
6572146
6665537
6611126
6588608
6688468
6609370
6695255
6590656
6604374
6715247
6607783
6717610
6690076
6612952
6712396
6640304
6716013
6628767
6655623
6730738
6636373
6747581
6639847
6661877
6765839
6678127
6739913
6659401
6689646
6768524
6678580
6810571
6675120
6676708
6787203
6680825
6766395
6713227
6684355
6791126
6686833
6833499
8172393
8517500
6705383
6715861
6836542
6730478
6826414
6869684
6748048
6892755
6729875
6863490
6730309
6753756
6846424
6745397
6847846
6786280
6835895
6805880
6820445
6881266
6782204
6895232
6775122
7172444
6991692
6798665
6893324
6821082
6831708
6869171
6823825
6904634
6802062
6914531
6821407
6856933
6930742
6846878
6911168
6823176
6847931
6924119
6862176
6955699
6834384
6953185
6903484
6854836
6964309
6881815
6955343
6857220
6889267
6962816
6874491
7011819
6879993
6891667
7032437
6888967
6996133
6911968
7008951
6896462
6922328
7028431
6929139
7037353
6942192
7034157
6937720
7020991
7052214
6926439
7074360
6937595
6942916
7140590
7061747
7069190
7026141
7101969
6951011
6978305
7104974
6992943
7094997
6966658
7081079
7059202
6982647
7102631
7102824
7094014
6991848
7137192
7003016
7000203
7139870
7003872
7094756
7034534
7018687
7117346
7050029
7117595
7027665
7155623
7035196
7041815
7160724
7041132
7139355
7074362
7141053
7057338
7078450
7174622
7063192
7194552
7072971
7204228
7105392
7082707
7179470
7112129
7182045
7093007
7230869
7110726
7106049
7191377
7128178
7208939
7111335
7236837
7116802
7138723
7229311
7139707
7262931
9598756
7289130
7155284
7244807
7157086
7153180
7253427
7166919
7250234
7160119
7262478
7176708
7172924
7277430
7183305
7281111
7186316
7321763
7187363
7268848
7225863
7195013
7301216
7213801
7307948
7212616
7305697
7224522
7227002
7323468
7240488
7324472
7230470
7341247
7248389
7245538
7339525
7259431
7346830
7254812
7355717
7300713
7358660
7270458
7276754
7369024
7279962
7374530
7289754
7382817
7298734
7380903
7301679
7341391
7419745
7311973
7401620
7321259
7415024
7317484
7412669
7337839
7335625
7467736
7365868
7433525
7391471
7467976
7378611
7521337
7363908
7355786
7480672
7371554
7466299
7395816
7470148
7437627
7487007
7595628
7417449
7524274
7404650
7511266
7400690
7579334
7421001
7499283
7424506
7457538
7526180
7417521
7529786
7420028
7540105
7452811
7552983
7437605
7537096
7445881
7449578
7540657
7457264
7600704
7513004
7641312
7548488
7651665
7513831
7539760
7641854
7507334
7644159
7547858
7599048
7517710
7586241
7553860
7570230
7573485
7562775
7597301
7603797
7647455
7635752
7602647
7613158
7708300
7603149
7616701
7579597
7625675
7578257
7585979
8199848
9974114
7599771
7563513
7613789
7577505
7608807
7582549
7615093
7587428
7643509
7620363
7650947
7640959
7616426
7682178
7613174
7644744
7620566
7659351
7625311
7680720
7633725
7682441
7661925
7696154
7639744
7645222
7787007
7777259
7809836
7682413
7747175
7726778
7719018
7744554
7757305
7745682
7733297
7770394
7766742
7760292
7726971
7785124
7916898
7774673
7767154
7800850
7780373
7785336
7812781
7822985
7795492
7792104
7794018
7832360
7826680
7786161
7844711
7849978
7809567
7824596
7843378
7820314
7834057
7836923
7914866
7844780
7837493
7843935
7880935
7879466
7908203
7930957
7891218
7909331
7845823
7930162
7890970
7914444
7891319
7938735
7896239
7925672
7941156
7888918
7944899
7919388
7910390
8013099
7904013
7933584
8004830
7922225
7983425
7889039
8082141
7917472
7976891
7920355
7976683
7950994
8010253
7924048
7997494
7960240
7986066
7953686
8062565
7931010
8044984
7959443
8064482
7995462
7989610
7926050
8004219
7974953
7965592
8008888
8005014
8002188
7982295
8005669
8000468
8108761
8093198
8065162
10619633
8089986
8025972
8097979
7997562
8097768
8044935
8128691
8055375
8139632
8051511
8108956
8023415
8110455
8063588
8121696
8086127
8121070
8101681
8179517
8122306
8117020
8135719
8175466
8145219
8204167
8184491
8190066
8160310
8152561
8196515
8199721
8185952
8201986
8121272
8195961
8226048
8237806
8139215
8236074
8191647
8197608
8184808
8236949
8240778
8198337
8210391
8134426
8217791
8167312
8189526
8164955
8203522
8185701
8216248
8221862
8240997
8187374
8242835
8221541
8248780
8227861
8337944
8218128
8248235
8261643
8286806
8301722
8344668
8287445
8377662
8305885
8345040
8251440
8380691
8268188
8383999
8315734
8347492
8373679
8371978
8345517
8324038
8336888
8418254
8308968
8352948
8285825
8339026
8334476
8333192
8308995
8316935
8318871
8362500
8317517
8311191
8301544
8317513
8325596
8349648
8351879
8385648
8358207
8365268
8361817
8360638
8367167
8372834
8387189
8416635
8459459
8409618
8467824
8455233
8413281
8428555
8409391
8515787
8424551
8879697
16664560
14831665
10281290
8428303
8388466
8395038
8393023
8490214
8455572
8492204
8511249
8440077
8518886
8497745
8608239
8466681
8548057
8656598
8558786
8461239
8565423
8460433
8553357
8497770
8541061
8506453
8505214
8587317
8608363
8533655
8634646
8488957
8613700
8543831
8606417
8559186
8564244
8562858
8732720
8716456
8666541
8557694
8770415
8675091
8677071
8692370
8618651
8652365
8666710
8771968
8649985
8771959
8607027
8771956
8675776
8713790
8707091
8638989
8690956
8699794
8658121
8812890
8753883
8733365
8701455
8735068
8698076
8733292
8760406
8739006
8762361
8757619
8793835
8724560
8702437
8733662
8781529
8726989
8858875
8651119
8828408
8743609
8715706
8763318
8812673
8726384
8883847
8801277
8766266
8887778
8848105
8684309
8846598
8811577
8831723
8852550
9350579
8817790
8911117
8840006
8838446
8854286
8920955
8798843
8977798
8896771
8912565
8945175
8980147
8784343
9004476
8938896
8964877
9124196
9022037
8897931
8909325
8996033
8841840
8949436
8935424
8960684
8926144
9073136
8966156
9084688
8983663
9024944
8906266
8994432
9098738
8960994
8984972
8992758
8988229
8918503
9035871
8942862
9005077
9041888
9194550
8983225
8987686
9086534
9056904
9026813
9020111
8971379
8963970
9051120
9016996
9105988
9051150
9050589
8990230
9108828
9083020
9107130
9069384
9123158
9105700
9011565
9120650
9132165
9103550
9074393
9085877
8966378
9076158
9097310
9022380
9035791
9079409
9124494
9045620
9039898
9117353
9013983
9148216
9168534
9063462
9054980
9117916
9128764
9058732
9070083
9067691
9074348
9163953
9074726
9123857
9071024
9097035
9095961
9094835
9209539
9086281
9104009
9121725
9275459
9162766
9058215
9368692
9279548
9233752
9157397
9212477
9228681
9185394
9165597
9195014
9204580
9239648
9285575
9266300
9226779
9223583
9196657
9272453
9225748
9295232
9280201
9271021
9412724
9310746
9275257
9246547
9250958
9230458
9280220
9328425
9252920
9623703
9304334
9321721
9361939
9309283
9324058
9366233
9376620
9266225
9358625
9343102
9413188
9326929
9338563
9352592
9370277
9285647
9353650
9335638
9411721
9352577
9382395
9387221
9369616
9333390
9346138
9367570
9380057
9327403
9437669
9424399
9481950
9424499
9401659
9427300
9395481
9399649
9407056
9435807
9425281
9424558
9422889
9391519
9452874
9417408
9377227
9520110
9472618
9512467
9488171
9395169
9430482
9466165
9473842
9477699
9484345
9524194
9535321
9547182
9611634
9509802
9508307
9485633
9546284
9568100
9587933
9582949
9549784
9499034
9531895
9524824
9570142
9530974
9573717
9540140
9553974
9539839
9641622
9567348
9643838
9608747
9622404
9571958
9554768
9604630
9602652
9616647
9630603
9551739
9555797
10067976
9664583
9607335
9622226
9695755
9633992
9761624
9778422
9667851
9646824
9743678
9639782
9648308
9636924
9680207
9658323
9687153
9794158
9678624
9673051
9707039
9690223
9989502
11684888
9763181
9679330
9733207
9740766
9730673
9748950
9729433
9752914
9714563
9766259
9728966
9665927
9722874
9747057
9695962
9725123
9730719
9766104
9734694
9708067
9780467
9704980
9710637
9769283
9766139
9731167
9732379
9763988
9753994
9769712
9749485
9821349
9819985
9801787
9753240
9831457
9825359
9801309
9861504
9758155
9840873
9837312
9834392
9842281
9877166
9838848
9882223
9854478
9955899
9864583
9869513
9905607
9886749
9850143
9881984
9941624
9892096
9921244
9875091
9884525
9866250
9840133
9877747
9884837
9926715
9886823
9933213
9936532
9955015
9903936
9957044
9957939
9967744
9942433
10125145
9902868
10175241
10195347
10125681
10227636
10213015
10140938
10110204
10191135
19287011
9912976
9907402
9900888
9902935
9908940
9920298
9908460
9943420
9919613
9913647
9957872
9972010
9954091
9929293
9937423
9941622
9953470
9959083
10015119
9968359
9986775
9976267
10000639
10011297
10000453
9997816
10088427
10073394
10068589
10093855
11738257
10003181
10039758
10039487
10026260
10055439
10054396
10070815
10067190
10067558
10096792
10061979
10094122
10115109
10061844
10092949
10138213
10127109
10154002
10125412
10135597
10161589
10151854
10141846
10165347
10180381
10143152
10160544
10170366
10150705
10173201
10236235
10188499
10162978
10187026
10241508
10294356
10269975
10286774
10242752
10283877
10275238
10251331
10273312
10299944
10261627
10322376
10314291
10347567
10269155
10311028
10294055
10327673
10276832
10405873
10314217
10353329
10295487
10318267
10339572
10392909
10387680
10357582
10328048
10423005
10311721
10341962
10383451
10362823
10239679
10253618
10258310
10270516
10268751
10434855
10407907
10314148
10313038
10316502
10304691
10320161
10325163
10331081
10337008
10338882
10345696
10325327
10351292
10353615
10343987
10348194
10372225
10358618
10378994
10411920
10427565
10425215
10447274
10444769
10396161
10440269
10422353
10417547
10433637
10431017
10451673
10428928
10484403
10463898
10502017
10463327
10496716
10441336
10496250
10472452
10534341
10421538
10428374
10435838
10434458
10433342
10473744
10452711
10452303
10499474
10456231
10462063
10462996
10469063
10468348
10481737
10488466
10487150
10496702
10489415
10500725
10568967
10518167
10628289
10563411
10567437
10535449
10579246
10544992
10585498
10541118
10583108
10601995
10574707
10620379
10578932
10662144
10597390
10624176
10625042
10597138
10623687
10630996
10653606
10607155
10717733
10646476
11193360
10708838
10658477
10717840
11807442
10709756
10682432
10720997
10725090
10898165
10808647
11149573
11347444
10992807
10913102
10888154
10913968
10888903
10968048
10908471
10984739
11149274
10938290
10955737
10907863
10944337
10921530
10948739
11114547
10955586
10797020
10782199
10884519
10933162
10888700
10844210
10884045
10855262
10860673
10918769
10881962
10905029
10828163
10972274
10926255
10914650
10897609
10955983
10873361
10936219
10937327
10943163
10905905
10909578
10831498
11009434
10891865
10892095
10906967
10906906
10857781
10905224
10880179
10959889
10884207
10997850
10916238
10902108
11042725
10880065
10955471
10889344
10938212
10960174
10897251
10960486
10935777
10946411
10977308
11000449
10960537
11057181
11000779
10961082
11010563
11037835
11118020
11044564
11068881
11107755
11102979
11638689
11101927
11037583
11027283
11112963
11971994
11086561
11028902
11135139
11113095
11025305
11223009
11072245
11073674
11136444
11062300
11066392
11078003
11099664
11032137
11109016
11088090
11078546
11089105
11134517
11070379
11120843
11119110
11106361
11109919
11131609
11151396
11189231
11171559
11103352
11160376
11142715
11144489
11161382
11175484
11120984
11187962
11144356
11213297
11240257
11207852
11167515
11207299
11203056
11201017
11214352
11182777
11224756
11202981
11190973
11233817
11245224
11258026
11276663
11229015
11271860
11272976
11302318
11251249
11290061
11222847
11300974
11360050
11268190
11280981
11317392
11313448
11345506
11295280
11290006
11344304
11293880
11294972
11290397
11326584
11287206
11338535
11315481
11394252
11350028
11462622
11370848
11377204
11430042
11804668
11407736
11371868
11409584
11327114
11409213
12265801
11413273
11397149
11452472
11381288
11400256
11426194
11462876
11443373
11527222
11445080
11439628
11441957
14383507
11367565
11367467
11483005
11429149
11450386
11386666
11428220
11389885
11490651
11507094
11404769
11457557
11446038
11441707
11435753
11458107
11475361
11428304
11471515
11471915
11503192
11490591
11547428
11447402
11490074
11511439
11469675
11558215
11515997
11514943
11483878
11522960
11524906
11500423
11540104
11549770
11517559
11552060
11546420
11510535
11550350
11555419
11557720
11534123
11573796
11584357
11536567
11589237
11593966
11551758
11594612
11599975
11569398
11635851
11653470
11636103
11585320
11623154
11625051
11589765
11628750
11636638
11590982
11645887
11648829
11755313
11729857
11736416
11731360
11663781
11764700
11718393
11695481
11717051
11765109
11761861
11710687
11782168
11772069
11730960
11786476
11753777
11787881
11740118
11763440
11787003
11766139
11775777
11800357
11738387
11848056
11828344
11795724
11786615
11823903
11837781
11764338
11832021
11817919
11930785
11789592
11860132
11828313
11852594
11871102
11849065
11912844
11907079
12299652
11894762
11815600
11888161
11837704
11817986
11897022
11841822
11921764
11934343
11919138
11919239
11986783
11916958
11929053
11927060
11952068
12026325
12032534
11932757
11955466
11986114
12018784
11960792
11995003
11990966
11973800
11956252
11999682
12019433
11996315
11966345
11996593
12011660
11995744
12034440
12050696
12043359
12013697
12042825
12023544
12091671
12047072
16593000
23722293
19420138
21162887
14458973
12548058
12049473
12143745
12059380
12092159
12180669
12112546
12080550
12113168
12119116
12081602
12154903
12133892
12132552
12133012
12097060
12211198
12111211
12186753
12119942
12253396
12131840
12159704
12165711
12196011
12170930
12145820
12212057
12191499
12158446
12256364
12187316
12272001
12177871
12289479
12209644
12223456
12252550
12233626
12288446
12264919
12209377
12244980
12218388
12310638
12222369
12268592
12290389
12282790
12305879
12301871
12310601
12251864
12346848
12284276
12258940
12308104
12324209
12306426
12279464
12376356
12339041
12377545
12335141
12424986
12337906
12338947
12328943
12354855
12315248
12435315
12333639
12349149
12276477
12968650
13005658
13761735
12998694
12314686
13206080
12322714
12322552
12458744
12482038
13770769
12781492
12505704
12567085
12466160
12474408
12522661
12470073
12484987
12448162
12477693
13099823
12595825
12527571
12473180
12575377
12465286
12559036
12650872
12623134
12566596
12518889
12491484
12623180
12547174
12635353
12574721
12574899
12653583
12661737
12570796
12595867
12597042
12619771
12618557
12597868
12629484
12636530
12617753
12664193
12741534
12615076
12693214
12628648
12619341
12780210
12624250
12681416
12671278
12726109
12749428
12628703
12677878
12705686
12663171
12620598
12757572
12661652
12671801
12679304
12701201
12805770
12689275
12665124
12748610
12705658
12842843
12812655
12751503
13283169
13581918
12775034
12852871
12768895
12792811
12808444
12767951
12724794
12793209
12767795
12792361
12708111
12736132
12747962
12755005
12781375
12836570
12806728
12797918
12769598
12749487
12880105
12770222
12782722
14503612
13179245
12902633
12835615
12850697
12849485
12829787
12825145
12858986
12883942
12898712
12841788
13249775
12911179
12986524
12975267
12898944
12884043
12918064
12933130
13108991
12951909
12945463
12936778
13025260
12945757
12958826
12931386
13011640
13060550
12941260
13000091
12983571
13151279
12995917
12961357
13001226
13047144
13075792
13036289
13012712
13010721
13146337
13011442
13029017
13058079
13072782
13064250
12991489
12994452
12974649
13056985
13516895
13041207
13051102
13052334
13094224
13023769
13064529
13032678
13095665
13043466
12986124
13088697
13060725
13088772
13042424
13084855
15199719
13027985
13151417
13100613
13123276
13129057
13048494
13128127
13147727
13131309
13118666
13092771
13148502
13148513
13137587
13126972
13195198
13252668
13183020
13172032
13165168
13205810
13265861
13232136
13197874
13178821
13212324
13179729
13259751
13239985
13175822
13273731
13267204
13229547
13335940
13169271
13400996
13294931
13325965
13327565
13279203
13333673
13408474
13360068
13483225
13257125
13330621
13365236
13347552
13373263
13275815
13322816
13404277
13374070
13365080
13291977
13438245
13359204
13585131
13745179
13545532
13410849
13436146
13429787
14183294
13412909
13336636
13374328
13291184
13367264
13313016
13369460
13423619
13360430
13418048
13290595
13389082
13506874
13441877
13502336
13493529
13389572
13521795
13499814
13523675
13506832
13389384
13549337
13515364
13535663
13535293
13455904
13578754
13564439
13547406
13607633
13589730
13440271
13595685
13541587
13611516
13603325
13523047
13592684
13601707
13606763
13587359
13496386
13622872
13638067
13603261
13668664
13704139
13551327
13644484
13664378
13633841
13578989
13637988
13545040
13614109
13606820
13598627
13728375
13578078
13628145
13800520
13642999
13679118
13607685
13646148
13695525
13742187
14328161
13798384
13650749
13670802
13657756
13696119
13712605
13780264
13656491
13702446
13684601
13685353
13745386
13703797
13663079
13723824
13740063
13698293
13715007
13724360
13834011
13815654
13795248
13856378
13802856
13796154
13837115
13842012
13852289
13780204
14139079
14461757
13771535
13831050
13767148
13883091
13851259
13734303
13780186
13829794
13832147
13793110
13826465
13819210
13840482
13814841
13881346
13848941
13831274
13790284
13872957
13849672
13838355
13883169
13847299
13822652
13873922
13881049
13897939
13880437
13917964
13854334
13887281
13975161
13938196
13896237
13957867
13874751
13916366
13929218
14032385
13984822
14057024
14197538
13953740
13963067
14015188
13955362
14055811
14161021
14004399
14114564
14112670
14057777
14102154
14133763
14003025
13987404
14027056
14047852
13998906
14047399
14057968
14021594
14031073
14063382
14061160
14067783
14085997
14007184
14050611
14101792
14093538
14059029
14148304
14024887
14122872
14131581
14107389
14114590
14246848
14146461
14074513
14132632
14151291
14091953
14094260
14107279
14055798
14124500
14122844
14107981
14102642
14105736
14110124
14088658
14121360
14124447
14138264
14136859
14139736
14111685
14136974
14145131
14338367
14238829
14200290
14254698
14206630
14264444
14307475
14294552
14323390
14398675
14283903
14202725
14555204
14720829
14501718
19846951
16506067
14780020
14532703
14931809
14613139
14674759
14876902
14770511
14608607
14615122
14812681
14821158
14817917
14636744
14768181
14595843
14990696
14604681
14937260
14671394
14838888
14634324
14810550
14458413
14470050
14452464
14414947
14388643
14385637
14454612
14428924
14453186
14511152
14452550
14473401
14449713
14455623
14475870
14527749
14453999
14687850
14627639
14607852
14666521
14719542
14796948
14714121
14711585
14633824
14704708
14776085
14613642
14484710
14658280
14510861
14524961
14482240
16078158
14548711
14543884
14534272
15117081
14580657
14568915
14748069
14638832
14601952
14590020
14658210
14585626
14680910
14623331
14679565
14642582
14683780
14683080
14645991
14687726
14715125
14659856
14698227
14706748
14732853
14696111
14795071
14732450
14789886
14746048
14778141
14777840
14754530
14784483
14719194
14863360
14886608
14832336
15001134
14994921
14964300
15146046
15139789
15015753
14980839
15027626
15205591
16496081
17342192
15919601
16875468
16623336
16643259
17717130
17766087
17331256
17002235
16885567
16335764
17799636
18226261
17263850
18812206
17268484
16279394
16464918
16034371
15663566
19565338
16400494
16601134
17018577
16320220
17872945
16783025
16111491
15909232
15864319
15497699
15763795
15225964
15372481
15816767
16134796
15628493
15506612
15861247
16041833
16415303
16060439
16445481
16408928
15263230
15135041
15195589
15449799
15186859
15117271
15242578
15400330
15357717
15304923
16623419
15806519
15719018
15953320
16064072
15360683
15262908
21870979
31420745
41891255
39166652
33619682
30252349
21495461
19180571
18604680
17675745
16271907
15617233
15304961
15517832
15721032
15305610
15670328
15508837
15744479
15121423
15145595
15077657
15044767
15091675
15044663
15051809
15046690
15075420
15058062
15072779
15678195
15160895
15566925
15870073
15688767
15099487
15691220
15722594
15655031
15119337
15708057
15681951
15465425
15350944
15719837
15664445
15168085
15756834
15697475
15673916
15150484
15746428
15688001
15935410
15191254
15696803
15732803
15200577
15744846
15948831
15854003
15200227
15759587
15825414
16079821
15254556
15815164
15812659
15816673
15265098
15768533
15817604
15271831
15780799
15814327
15791991
15284338
15807587
16140079
15965101
15286877
15854830
15830614
15824058
15321574
16472117
15859707
15901355
15355973
15860915
15972983
15998730
15448592
15916151
15931859
15881184
15376769
15952997
15953668
15380740
15934437
15918895
15977732
15673984
15928575
15975617
15937990
15525900
16006926
15999834
16029844
15514535
15989199
16028160
16007971
15928988
16773363
16270038
16231764
16780583
18508376
19365880
19361497
19642930
19267762
19975960
21197537
21183483
19813459
20127482
18307460
18345249
17333036
19285136
16736025
16222876
15671049
16210692
16133843
16052797
16028425
15926674
15867653
15853670
16121067
15855070
15859173
15817494
15890012
16445330
15930561
16272714
15825111
15955752
15925485
16071873
16036490
16056053
15990338
16023957
15941637
15971729
15952509
16018175
15856890
15992568
15986663
15954247
15971014
15917543
15985434
15972519
15974328
16009370
15913436
16627999
16528171
16201877
16519356
16458517
16358360
15883672
16497641
16356941
16397981
15880931
16562422
18054831
17850194
17064012
16342812
17053701
17418641
16804829
17178411
17253000
16065154
15980941
16032818
15894955
22091264
20095860
20359262
20003797
20613170
20690818
20376304
21740820
21499255
21235968
22957666
26024221
22812862
23694338
21911165
22121373
23895410
22175726
25052008
21861786
20960588
22591096
22150062
21515631
19763361
21564478
21502527
21443285
21701522
21829499
23071931
23874429
20933862
19909471
18773177
17712865
16142245
16130452
16155730
18499014
20138606
17223516
16930962
17057323
16695784
16790048
16954138
17518998
16841791
16823952
18666501
35354358
36842417
35921359
40660673
37350101
35897033
21707332
18817973
17383283
16506090
16699091
16541751
16910722
16961120
16793556
16502331
16664473
16512244
16777457
16702839
16526018
16664429
16621181
16773505
16553925
16765539
16557089
16765382
16865331
16716719
16910264
16937176
17246539
17135676
17010969
16870187
17097696
16940606
16918554
16879782
17078723
16928065
17062953
16882610
17083857
16790422
17435864
18496742
17932218
18076574
17420223
17564499
18584495
19324079
18602195
18543041
17764878
17605898
18016011
17767125
17918695
17147765
17105594
16931108
17659389
17097966
18216182
16981597
16539711
17062644
17672899
18079125
18405145
18180111
17657326
17127681
16732202
16603662
23290861
36094478
26107987
21352910
19402714
16995617
16701790
16608942
16705138
16623785
16650455
16675343
16623898
16638129
16649053
16627822
16663024
16658512
16662835
16738791
16665900
16663090
16678695
16770358
16780347
16744383
16785980
17028368
16779374
16705823
16702212
16764950
16740398
16768531
16779928
16762951
16735748
16788338
16796044
16744807
16783004
16770901
16869917
16860498
16862219
17443727
17570961
18641183
18028627
18081000
17500296
18135210
18677433
19176142
20526233
19559410
18869478
18566458
18107889
18046612
19026845
20083919
20175486
18722422
17388410
18492941
18781408
20032027
18637045
17509774
16981639
17264621
17451027
17610410
28486482
31081354
20770079
17671037
16904324
16996526
16980217
17247403
16967944
16912147
16921320
16880847
16909893
17383701
16994523
16957718
16930494
16925867
16969132
17208907
16981628
16952377
16975083
16942067
16971639
17217783
17031070
16974563
17004525
19214817
17000731
17179560
16967246
16935713
16999517
16968858
16954164
16961807
17042042
16962281
16982454
17024514
16976793
17000469
16995752
17022507
17016619
18098028
17301247
18338402
20280878
22380943
20258046
18849454
18592053
21548580
24421201
21738343
22375667
19517376
18010950
17477777
17695999
17985790
17597760
17472039
17520081
17327707
17393377
17441169
17431972
17543933
17453085
17389009
17499927
17287267
17434180
17539488
17487638
17420898
17387797
17422974
17352841
17427935
17528393
17847051
17614578
17386092
17402490
17443543
17392938
17413791
17569404
17550458
17504049
17552432
17524780
17496082
17606875
17596647
17559862
17417713
17519651
17671825
17582879
17567198
17541495
17607767
17639287
17590503
17614050
17585286
17667070
17631042
17493551
17568283
17557712
17488383
17537322
17662514
17506980
17357882
17366595
17389223
17364943
17419763
17909963
17518149
17425926
17541082
17937191
29038727
24712363
22032231
21439695
20063648
19512922
18969024
18584610
18434534
18948598
19025595
18106338
17805535
17802254
17835572
17899326
18041049
17649705
17680486
17628458
17855336
17923255
17686916
17670605
17783832
17747424
17762458
17836671
17762722
17884087
17811647
17860931
18043541
17837576
17755763
17999317
18145890
17810005
17976423
17751390
19475195
17743840
17712981
17707447
18144620
17715580
17698271
17678102
17740003
18115849
17749844
17732791
17727908
17793825
17732869
18084482
18137645
17834489
17817378
17794577
28535695
40588034
36995304
36234703
37514241
43129743
38498934
41024732
24584794
20533018
17835802
17757127
17844759
18091321
17762322
17797213
17788316
17788222
17796307
17801639
17813469
17817929
17837274
17840109
17833940
17826730
17826656
17842060
17843088
18254152
18254441
18561933
17961370
17909033
17872004
17873050
17891765
17890812
17898632
17905400
18308060
17946177
17951088
18306597
18142454
18058093
17996594
18018866
18005278
18117205
18091822
18073350
18139778
18109407
18017483
18126522
18161043
18254818
18215426
18168127
18198278
18180002
18667228
18360682
18252330
18331703
18214648
18253094
18386753
18192607
18275611
18345434
18341376
19143813
18303027
18258896
18419593
18230235
18312864
18309378
18274305
18296430
18368890
18943365
18237491
18429609
18323397
18335301
18240102
18264229
18294537
18166084
18177748
18154645
18159252
18319080
18268248
18332147
18241697
18286293
19505754
18220097
18203633
18208499
18203718
18289001
18372320
18274286
18287313
18277959
18351889
18319033
18409900
18416395
18456388
18473718
18416685
18399329
18483219
18484138
18659606
18496796
18509546
18569881
18466150
18521921
18532116
18459563
18535609
18516931
18500358
18495075
18598548
18598682
18561740
18585840
18631898
18631616
18675078
18830276
18604333
18657019
18645084
18602579
18656494
18587063
18528846
18568370
18492241
18540692
18543006
18514670
18561106
18554119
18554228
18590260
18536217
18579116
18570928
18589065
18635852
18546036
18534737
18513246
18533648
18530998
18566335
18560645
18598561
18558969
18559814
18539182
18589743
18598245
18590992
18579474
18595655
18625739
18702472
18683432
18626101
18619908
18632546
18614188
18646379
18748190
18732715
18785710
18779031
18830872
18760366
18812145
18932559
18997981
18850721
18815371
18844103
18849491
18892136
18795956
18870560
18856143
18894501
18846724
18885371
18967001
18893916
18869262
18894738
18906073
18895133
18940532
18911886
26608244
36660944
26031035
19634955
18896180
18931325
18998158
18913518
18869436
19003025
18987109
18986827
18952061
18940293
18999639
19217785
19036695
18903291
18981182
19017588
19247734
19084170
18935540
19384231
19110646
19081941
19286115
19021247
19100387
19357205
19108269
19405156
19036765
18944418
18971001
18957950
19427526
18987269
18949430
18983365
18945251
19243933
19436864
19098872
19014330
19043212
19055965
19440210
19054247
19035802
19634665
21087084
19277813
19112422
19119912
19162970
19221466
19456115
19228777
19322924
19499147
19573377
19479877
19205178
19273200
19250184
19246407
19534737
19226711
19392961
19694613
19396435
19521643
19276172
19370341
19687321
19445984
19353850
19650716
19226671
20869654
23411076
25934128
49010073
34059645
27700366
30221313
29408385
23441076
21537249
20270042
22386307
21865375
20469909
21768209
20879077
19474192
19583012
20402439
19727202
19273778
19286550
19355484
19308263
19308854
19291342
19291620
19321095
19323388
19301146
23534638
19627583
19405663
19379778
19348897
22183744
25896522
25524289
26949620
38242808
36377179
34744536
34549853
28702605
32200108
28287542
26548231
27130047
26196412
26292445
26312283
26019225
24836851
22885264
20508837
19813809
19796600
19955699
19868102
20061323
19890419
20053940
19996681
20001176
20036526
20766162
20110868
19944423
19841007
19955698
20304388
19994242
21117927
21382699
20792306
20966841
21360815
21195772
20961861
20712388
20395495
20082002
22952287
20823642
21531418
20586768
21051792
21664842
20780477
20690900
20461385
20660952
30829265
30171519
27011219
29160167
31434424
28968318
25560842
26791337
23190281
22674030
21327257
20899558
21090673
21670429
20659957
20082126
19960130
19976140
19985641
19992536
19997070
20051502
20070009
20031473
20004456
20104870
20431880
20122793
20176291
20129784
20188787
19951188
20057451
20083427
20134773
20116816
20180208
20198998
20083584
20205729
20279999
20205363
20183610
20818765
23738553
23205157
20754354
20271063
20254241
20294190
20217545
20260828
20206243
20191697
20233844
20437698
20194076
20437223
22329470
24003031
21220031
20252005
20292757
20199182
20161506
20202880
20262590
20214970
20243016
20241216
20294815
20272448
20268269
20255311
20234886
20309170
20360567
20341362
20284922
20326568
20305053
20307884
20292617
20300346
20571563
20419145
20400517
20410654
20330702
20257995
20437982
20545995
20493908
20403420
20365952
20391047
20746301
20784928
20733721
20848725
20844708
20854305
20842773
20959907
20832578
20896518
20706022
20740029
20671001
20615512
20849990
20617892
20713871
20636414
20554070
20530637
20500284
20474202
20451342
20487469
20435224
20527690
20659564
20771948
20777844
21017501
20997883
21511427
21207738
20713745
21292026
21112832
21146099
21163494
21104785
20942837
21060641
21174700
21064146
22207041
22292246
23758893
21332929
20971809
33291835
33567834
28855762
28807591
27306028
28854669
37216263
34226957
30872886
28631825
24597392
23204099
22666282
22863954
22322123
20928787
20973774
20981408
22031919
25767306
25976380
25777123
25870192
25286175
23419406
22414550
22182137
21981790
20709527
20686956
20689357
20722880
20680266
20658313
20661016
20804634
20878087
20996298
21035758
20927937
20877849
20963291
20959146
20948995
21014576
21040997
21243818
22187561
21028531
21939010
32035213
27578621
28756959
23625590
23339099
20972826
20988285
21092939
20983033
20861787
21110701
21041786
21021578
21054327
21017535
21022959
20985205
21008358
29239010
36823079
26936645
25754784
32205110
35359495
26620512
25304526
23035013
22828422
26649729
27178185
25777747
23028254
22884179
30695722
61294245
54496567
49773566
53475155
30025576
30022289
26863232
26706143
27866558
26153347
22713536
22934745
27343096
35227730
29061166
26215770
24502234
21256321
21081194
21049237
21025077
21089572
21056217
21090845
21199493
21085127
21135582
21077807
21831310
21086593
21705841
21475711
21389325
21437662
21246322
21365494
21380585
21274867
21331570
21346404
21496566
21381049
21336344
21476726
21350965
21465218
21368643
21323441
21915981
21660695
21759011
21598081
21620196
21604559
21609924
21532368
21513638
21501352
21874376
21518228
21422596
21298285
21206616
21254122
21280553
21342991
21425357
22093482
21412475
21420208
21527129
21536724
21504255
21422954
21407408
21397916
21355916
21791520
21919202
21354250
21694703
21576369
21623623
21601690
21544981
21526490
21506051
21596358
21604649
21524299
21772917
21719351
21683482
21625962
21754089
22536360
22114891
21698480
22023787
22764808
22402415
23693370
22540443
23835853
24255324
25050376
24409041
24236552
24048555
24565694
23028712
23128409
24733561
21988295
22164246
23587357
29875876
32590050
29565187
29078799
24172619
21876763
21787125
21862635
21900529
21844902
21776866
21843214
21860270
21820175
22278882
22313919
21765074
21808417
21889372
22023364
22018632
22186247
22577432
22035208
21858602
21823728
21923048
21990044
21886235
21930388
22041513
22173252
22534131
25894453
26036113
26467671
27796867
29965353
26227087
24809379
24548349
29338849
30056315
32629180
31126617
27893448
26321687
25950662
25276983
25656092
29452760
31330559
31447731
33543433
31490938
32518665
30596585
29649887
30894910
29722805
27690024
30733073
30157093
31263694
27699101
23515754
22345182
22585516
22495546
23094459
22969136
22795865
22640966
23770356
25296730
24177181
25932898
26850598
31823654
28582156
24949796
23130380
22438747
25626120
23670505
23096887
23435617
22671634
22600368
22482186
22762183
22563235
22699886
22943580
22521957
22734559
22889689
25354282
27421206
25412131
27875312
27469587
28493775
27996897
26840862
26991535
23709960
22611393
22557550
22702809
26806219
23751663
23423965
22956671
22963662
22498080
22536205
22504348
22485504
22594208
22655339
22594207
23787175
27222158
32784129
29076190
29700834
29184648
27924409
27586196
27460763
26870116
26520544
27430584
27596061
26970682
27354362
27665491
29435316
27865236
25070461
23627231
22815982
22876438
22801166
22774928
22775137
22856410
22702138
22682410
22747019
22956544
22776647
22799132
22840089
22797436
22786620
22781110
23165324
22790054
22808072
22852956
22854344
22786294
22875680
23420870
23964472
23575575
22851440
23626443
23476184
23140945
22930141
22889362
22883273
22842822
22948452
23025246
22995062
22976785
23014145
23864547
23340866
23155352
22901436
22985797
22946857
22923082
22984121
22985080
22894165
22939528
22882933
22897044
22928082
23042510
23016848
22939644
22981159
23001266
23122728
23202692
23122153
22995212
22975196
22986058
22932932
23014628
23149707
23924209
23082175
23086803
23003577
23103770
23034251
23033906
23238496
23205427
23192261
23297602
23173125
23235179
23257152
23191190
23250685
23240393
23289569
23200324
23227970
23196853
23286401
23158464
23106767
23163771
23195845
23099379
23261415
23183513
23222514
23250592
23214773
23174594
23240921
23281584
23424260
23347707
23345461
23543493
23503035
23240330
23170748
23302966
23277970
23222016
23212074
23261759
23168190
23237815
23554047
23536228
23224115
23234451
23400940
23412288
23232352
23282795
23255554
23604097
23375858
23559328
23360888
23528874
23368914
23372643
23251718
23287570
23287775
23243245
23275134
23318990
23263503
23442155
23460449
23405261
23461557
23358390
23442022
23418732
23516117
23602685
23358994
23433831
23466869
24015418
23538450
23436517
23517804
23419151
23799927
23546159
24039240
23509279
23543595
23440379
23592825
23691275
23495812
23450898
23542322
23606146
23545383
23511876
23507033
23529137
23528945
23515190
23590448
23467354
23552801
23544741
23542193
23555041
23613238
23625844
23709841
23561350
23582755
23675156
23569550
23585205
23671310
23615224
23664510
23624777
23643153
23663716
24035335
23637281
23981861
23667466
24278860
23688708
23750555
23817951
23654472
23774590
23754884
23747735
23669200
23920943
23740154
23808818
23795473
24100468
23749532
24096078
23909580
23824633
23787661
23828204
23791262
24013544
23896955
23803312
23800710
23791461
23927019
23830514
23889259
23896397
23856426
24051993
23963369
23920810
23920320
23947665
24017102
23955440
28329855
24191043
24311648
24187884
24658360
24024329
24249727
24152804
24877539
24042718
24204551
24021941
24037591
24094776
24085935
24423268
24111085
24088123
24039827
24070937
24065603
24092038
24051481
24063502
24052472
24114465
24051606
24080358
24151083
24146119
24103517
24118150
24096069
24273816
24372831
24189557
24244029
26241672
24170424
24284324
24152577
24234434
24150108
24150408
24395953
24216253
24199528
24286167
26742329
25788453
28111113
24296996
24322251
24224659
24241818
24399902
24342184
24455420
24560092
24497422
26551585
30250308
36634010
34726589
31147008
26977135
25046684
27495618
25386149
25897701
24984495
25201248
25011430
25073672
25127911
24891230
24866034
25369067
27083452
28681649
25590908
24538574
24570846
24947621
24597967
24540840
24530509
24780086
25135041
24566168
25219154
24792242
25522197
24809544
25172738
26030984
25112196
25372878
24584456
24813606
25198927
25117165
24982301
25054371
24995076
25049994
25017299
24939417
24630808
24539346
24551177
24476675
24592126
24623488
25365445
25304507
25169372
25728990
27707880
25333927
25130209
25232527
25302000
25785084
25365275
25364900
24650627
24708940
24691152
24654888
24665847
24698262
24725742
24828065
24855486
24644830
24752983
24695580
24715456
24755509
24710569
24676771
24968833
24877144
24842666
24867948
24751769
24787932
24797182
24896257
24784874
24975356
25097369
25750718
25763082
24856475
25034021
25510370
25453517
25788524
25266907
25181966
25157675
25078623
24945107
25152118
24886926
24894055
25003926
24899716
25113161
25051534
25738628
26412666
28462395
30155954
29530900
31260175
31960020
31381468
30607635
30860914
30730995
31134330
30907019
31462902
31777547
32638626
31370439
30321170
30981251
30698566
30639697
26749265
25882254
26552298
33733971
39054160
34522073
30815166
26200272
25232771
26062208
25187289
25138060
25189917
25477960
25165926
25305402
25201943
26407862
29575264
28307590
30444973
28061069
30718186
28101352
29924474
28509118
30670428
30522152
31291483
28467334
28985641
28598955
29540558
33120513
31909509
32337235
40283027
36815755
33837067
35937561
34365250
34413605
34893863
40581981
40738012
38303643
41962797
35297328
33226621
34917856
33016679
34171766
31518881
28278376
25552108
25525466
25538002
30713809
27090022
26888516
34410189
40467557
37123469
33642804
32632740
32085273
31710007
30539522
28470870
26480188
25712428
25434680
25600163
25822327
25623048
25541451
25405038
26663319
26598187
25685162
25550982
25531856
25549232
25787486
25568900
25599741
25593062
25591505
25531916
25627637
25622496
25607365
25740666
37828259
36671259
45406074
36009851
34944269
33946308
39570505
40662518
41543678
41105590
40941656
45035542
39821991
67839679
53029717
50021179
46998613
36928876
34943921
34849028
34611061
33564820
30627333
27086991
25965116
25952776
25913296
25897042
25908849
25956462
25969834
25988290
26024942
25939698
26098898
27450851
30741517
34554610
39789222
37904176
36836611
39223834
53674141
43708231
35270246
33638763
33611910
30882057
27596302
27505370
41431469
32197702
34813862
35039345
34772407
36267185
36361861
34135659
35523165
37774273
38334719
42236079
74253390
78421677
67274728
63957578
59882184
50568581
50252840
52975734
52104783
45100310
33575689
27725421
26582367
26706330
26325638
26501000
26745106
27082642
26043945
25891518
25941575
25939213
26115101
25971791
25955835
26054770
27261400
31047479
32005568
32229482
33940435
32500340
30087946
28127167
31732845
28711283
27079306
27916401
27311684
27594904
29290822
27785057
27769034
26151222
26122454
26070092
26050704
26358668
26120764
26164461
26036675
26848295
27739542
26540964
26103222
26103695
26109554
26206392
26441260
26181593
26122039
26556627
26310716
26984355
26831143
26671556
27019505
27018046
26631701
27228769
27178874
26794928
33766234
35953585
36579897
34600696
31690156
35835454
36879237
36972880
36655915
37503266
37853121
38862913
35655839
35469799
30972003
27506456
29316820
27901987
27626614
27544940
28539676
29094699
29339332
29368203
27524986
27004252
27483429
26960932
26970287
26991308
27841332
29250247
31402448
31009341
30909932
33451230
34550092
33691921
31945109
29234893
31254846
28804155
27693345
26823474
26842070
26902122
26709206
26862118
27060371
27164011
27176500
26940930
27042576
26932759
27790903
27403173
27115657
28669119
29628107
29286480
29928106
29227004
31644827
30011202
29642033
30465616
29263106
29654385
29339376
28440509
28872100
28878901
27784877
29254645
27864304
27849834
28283908
27835675
27470517
27272075
27550015
27608902
27665273
43707919
46936972
49102249
46474277
45443897
38886026
37851491
36694922
35755084
32950071
31143710
28273184
27198775
27034505
27125166
27095812
27240756
27285160
27093656
27695833
27381061
27257759
27140199
27576696
27208865
27218459
27393644
27454169
27039525
27012822
27402947
27074355
27080208
26946905
27483514
27329028
27420549
27357933
27272435
27498113
27092010
27546423
27397565
27125682
27246668
27153867
27329020
27177022
27273376
27259259
27216574
27625489
27238090
27295938
27186675
27287113
27253547
27223017
27276048
27317350
27514528
27315674
27404968
27261463
27321368
27452048
27401507
27348793
27347741
27401414
27301010
27443877
27392346
27586926
27716864
27399092
27524127
27469380
27859712
27511280
27457609
27489422
27647678
27554051
27405529
27470125
27894729
27434334
27529754
27469618
27504537
27449872
27559544
27591549
27505208
27543535
27496772
27544957
27530241
27487822
27646266
27486652
27640263
27495281
27683544
27438354
27406832
27356375
29227515
28853387
29660165
29240079
29107612
30687646
36130134
38131575
36480549
36795105
34770716
28294653
27441873
27822148
27518715
27504934
27825301
27633346
27915776
28080493
27897335
27773056
28045290
27789113
27793113
27923475
28303806
27696422
28758561
28537099
27747157
27721045
27697912
29779741
27741295
27758474
27705644
27836043
27780451
27797487
28063211
27894937
27838829
27880204
27949051
27719338
27651764
27629413
27672763
27677371
27689084
27691058
27794913
27670577
27738846
28003636
27708572
27725141
27790745
27730959
27860354
27813349
27758831
27722867
27746835
27712187
27814182
27829847
27877496
28230217
28810749
27999742
28047766
27944507
28073405
28036371
28852993
28076731
28014125
28097646
27981719
27964620
27900278
27855580
27907326
27902448
27933671
28348912
28373847
27996795
27969564
29211324
28130987
28070313
28066815
28045651
28067418
28040942
28184527
27980398
27984331
28011185
28027267
28043584
28054110
28062650
28023611
28138350
28075227
29158496
28797970
29350094
28642008
28693262
28961414
29256877
29470860
29520007
29166061
28903785
28812938
28975927
28641706
29236182
28767698
29703920
29985229
28752963
29731100
29374807
29285787
28676870
28995836
29009254
28778561
28821525
28736587
28800057
28874109
28477116
28508393
28443104
28467136
28612875
28391484
28377094
29198638
28499403
28448952
28699442
28536679
29221100
28593842
29545836
29808447
28525625
28615782
28641894
28649976
28518499
28787082
28495910
28457967
28662041
28464850
29331843
28557749
28488938
28541965
28530180
29023445
28515942
28701264
28658572
28638458
28479518
28810803
36539498
28751107
29536100
29896950
38633877
28708914
28596878
28520707
28532081
28513995
28502341
28493145
29173000
29099681
28731462
28715885
29246162
28729831
31688378
28856265
28689456
28659108
28756868
28647065
28683353
28689931
28644546
28667819
28684124
28905906
28669480
28745749
28837906
28896447
28812847
28706729
28786752
28713616
29397825
28883903
28763189
29063640
28734934
28860183
28949757
29055700
28889518
29003309
28946600
28919526
28958952
29029994
29036410
29156310
30460379
29109384
30154946
29084979
28876136
28884717
29032354
28879515
29866025
29070105
29046055
29774481
29133580
29196738
29204035
29087651
29131513
29173764
31068156
29385719
29866651
29538418
29457522
29479183
29485072
29577659
29262696
29405615
29420824
29336415
29317991
29423048
29571381
29314853
29310167
29613598
29299285
29380039
29560803
29503844
29312745
29376714
29353890
29365373
29351957
29394553
29454270
29459611
29556364
29501114
29451618
29469986
29653048
29583585
29484934
29614878
29545732
29354953
29469291
29689433
29691903
29487140
29577267
29637319
29599845
29650144
29521478
29525083
29625781
29568170
29460398
30329151
29749884
29351579
29633744
29557029
29681588
29590814
29591085
29713346
29650447
29688900
29886217
29781567
29622443
29645468
30072640
29707275
29827432
29741163
29711439
29668917
29707378
29713335
29619525
29772204
29707322
29707721
29716031
29911481
29872456
29775008
29931022
30031945
29835152
29900053
29884270
29941944
29937325
29820578
29835333
30025080
29933141
29920218
29937156
29863110
30048773
29994099
29850997
36593322
29720753
29852842
29691991
29870333
29953652
29871860
29872679
29933118
29911214
30027059
29977853
30021405
29831070
30039003
30035164
29936359
29973411
29899345
29993662
30190502
30014765
29960126
30034729
29889516
29944644
29985150
30051968
30146166
30008195
30018180
30144393
29976018
30066232
30079546
29958396
29959548
29872364
29906152
29834369
29926702
29863763
29931845
29830656
30173202
30080229
30179811
30113020
30161632
30017824
30069808
29957745
30022423
30108015
30127412
30130084
30080322
30116922
30178854
30249059
30459767
30231144
30140173
30177324
30348620
30332423
30543509
31277479
30837155
30566525
30783131
30574622
30235692
30280541
30239558
30263988
30329858
30324788
30310853
30522786
30618158
30127565
30654635
30578450
30675255
30431467
30387572
30518730
30572001
30490040
30489457
30463836
30444471
30476275
30553454
30686471
30581030
30496467
30521228
31449074
30867252
30805860
30701016
30652536
30659446
30430567
30736486
30358938
30389090
30813368
30638659
30638226
30636885
30763189
30428920
30659436
30958646
30699942
30714558
30727422
30684236
30839982
30562238
35190301
30714479
30891380
30614377
31110701
31160169
30819527
30797636
30722822
30852277
30715750
30724006
30663665
30869634
31489684
31065917
30926657
30697850
30667636
30872627
34042830
44058613
31426532
30867473
32227118
30865980
30730858
30787295
30735169
30752575
30735279
30781790
30758037
30803340
30795501
30670307
31015956
30641148
31063973
30634981
30714570
31068083
30661392
30962993
30998131
31496305
30710624
30725581
30704639
30778169
30723967
30798897
30734904
30921177
30940410
30737484
30797875
30753335
30818131
30800022
30886215
30794786
30800186
30799334
30781767
30877727
30822229
30877669
30813931
31010767
30998325
30935332
31044604
31188982
31040360
30904625
31166158
30944020
30913633
31124300
31007728
31045701
30956462
31052838
31596223
31162685
31012686
31037898
31008186
31502745
31026318
30969477
31387543
31041438
31013165
31171346
31040109
31401170
31037744
31056094
31349204
31171737
31164627
31148256
31103879
31257887
31188376
31257453
31144328
31132436
31292705
31176703
31240183
31236042
31235981
31178666
31177011
31258783
31309178
31189847
31177313
31299295
31433675
31499203
31434446
31417190
31345103
31347256
31586980
31400450
31386665
31511451
31324222
31446663
31443421
31335468
31378413
35327085
31280662
31388832
31583012
31312655
31363419
31645395
31568223
31340329
31444659
31727991
31614766
31985780
31638375
31635157
31690425
31772420
31644064
31752069
31703393
31637853
31744487
31734527
31653715
31673180
31709622
31598149
31798500
31866599
31686912
31721894
31616167
31547773
31531801
31635887
31657434
31655847
31561717
31511956
31562727
31555728
31580984
31567310
31624808
31667226
31626334
31605311
31633545
31579043
31587419
31665134
31625060
31685320
31621060
31761639
31675674
31735325
31741196
32087638
31660218
31878575
31997069
31763493
32104921
32109585
31792085
31942246
31917882
31801987
32061749
32022142
32097641
31914846
31961745
32021070
32348401
32205036
32274643
32319546
32262201
32118698
32266183
32502883
34684818
37854386
32129741
32041245
32031991
32083009
32018285
32044887
32222373
32094725
32129147
32628462
33733477
32197036
32253525
32140581
32207070
32395360
32524741
32370136
32397170
32371584
32434909
32413839
32466528
32350225
32347937
32281418
32392347
32262307
32294872
32453693
32354357
32180571
32279059
32168594
32177884
32174884
32172042
32172065
32169896
32177195
32301740
32331715
32347127
32357044
32338261
32413623
32386656
32296644
32364346
32354973
33280275
32552321
32738519
32551189
32655816
32671397
32699490
32613756
32688622
32605730
32706847
32798270
32680686
32813523
32745051
32731387
32906892
32808860
32946759
32722411
33399505
51188669
44533469
35811196
32691103
32672720
33426718
33971721
32817794
32889982
32624589
32778733
32851057
32521056
32641832
32588601
32549985
32665011
32858737
32818237
32733633
32979054
32879138
33027790
33213609
33195775
33292291
33107740
33202688
33351441
33729011
34043033
32904018
32716862
32919303
33053427
32908682
32880138
32985954
33041160
32994777
33109763
33454343
33238275
32932088
32986667
32856168
33092030
32941446
32916289
32897557
32859751
32773041
32808099
32810411
32798642
32880113
32838338
32914226
36720353
34190371
32901172
33229010
32906583
33084591
33058311
32897191
33057736
32943261
32921563
32980097
32951483
33509840
32984150
33915874
33297547
33157805
33340611
33103777
33128091
33172879
33265194
33208856
33570185
33632942
33685709
33774409
33876001
33701985
33807771
34260991
33406421
33441295
34091804
33144606
33346313
33516639
33248944
33195422
33514043
33505303
35857406
33488735
33136724
33271213
33511972
33093115
33575303
33925347
33544789
33269937
33541600
33466655
33536726
33632129
33478022
33555952
33685195
33549228
33433583
33694998
33519450
33403659
33358149
33681840
33660841
33677116
33537938
33514590
33382321
33365557
33644844
33475472
33400332
33444294
33521801
33448694
33451525
33574958
33679605
33470147
33616759
35121312
33568667
33699056
33494356
33665067
33673011
33555030
33621595
33956517
33532477
33559456
33625215
33602090
33546719
34599955
33879495
33754860
33821597
33760523
33964984
33832974
33878596
33919332
33848421
34059842
33914682
33973945
34247218
33805769
33957497
33779436
33804031
33776178
33801951
33883175
33827853
33842283
39447002
33706483
33648763
33997904
33698931
33928539
33668218
33752226
33692598
33751367
33690025
34058127
33836861
33754126
33806495
33908136
33845585
33966135
33818893
33798944
33930620
34206042
34154082
34030381
33858408
33946509
34158583
34102806
34174847
34491669
34631688
34196908
34454756
34295443
34376828
34255787
34780066
34606100
34088636
34229323
34239911
33903438
34677603
34089583
34024956
33896333
33884235
33833336
34027643
33895630
33931324
33942562
34029296
33957265
33960203
33909768
34009036
33897246
33979086
34066102
34037127
34093169
33971430
34035262
34056736
34049045
34110363
34126946
34088630
34161103
34182944
34195967
34053399
34227354
34035377
34072787
34090566
34064313
34088400
34213390
34153185
34116075
34183615
34259892
34318990
34179307
34970894
34165341
34662420
34284462
34243727
