629
1869
2343
2264
2119
74158
2311
2437
2975
3616
5891
7242
8278
8723
10045
11845
12221
20275
16263
17899
17130
19022
18070
16233
17698
20931
20008
21472
24692
24573
27746
27929
31875
31248
34651
36563
36685
40244
58277
44604
46120
46795
50654
56021
55110
57412
59824
63335
87821
67396
69970
73669
75278
79216
131589
84606
101835
90641
93509
95405
99544
103603
105805
136986
112946
117087
121533
123154
148228
130902
157058
144367
149645
150652
67468
50638
57278
59524
59433
30919
44209
29623
29086
29677
57338
53309
58721
58602
64741
62850
69477
70578
72088
39750
42551
41425
43891
44196
44053
45873
45724
47835
48653
64472
50619
51628
52558
52104
54592
55216
55002
56988
57822
58794
71382
59883
62178
63114
63950
65288
66301
70961
68597
84872
70916
71748
73011
74272
75156
76878
77300
78327
93170
80943
81915
83189
83956
85762
86688
87941
102111
90271
91817
137094
158113
101813
249662
159277
152818
152411
203614
172694
153493
153605
153789
154556
168734
155862
155280
155847
156389
165525
158631
158293
158432
159195
172786
169422
162921
162745
162508
196957
164188
164874
158418
100322
108433
140179
100035
100364
119214
109441
109821
118673
111078
111750
112209
112774
113408
113952
121198
115595
115955
116557
117327
117671
130069
119658
119481
120266
131852
111995
113539
198668
155277
116026
137067
132953
134702
126948
127346
128552
128481
128055
135357
130056
131073
130922
131970
132242
146062
134599
135835
136372
143589
127964
138356
129984
130133
130513
131159
133105
132465
134904
134943
134726
135292
138820
32294
31401
30766
30784
29859
29738
29853
30092
30465
30613
31067
30824
31296
47922
34157
34461
77354
35533
35547
36066
36218
36254
53750
53972
55514
54157
37448
37677
57781
37845
38318
38758
39008
39167
39488
40452
40081
40160
41343
41042
41372
42440
42244
42189
42600
42858
43190
43450
43833
44020
44297
44499
44695
45000
42073
42540
42790
43024
43273
43668
44074
44129
44266
44797
45017
45265
45692
46013
46134
46542
46745
54642
72076
55860
48087
48405
48474
48887
49266
49467
49804
50886
50605
50772
51134
51320
52522
52170
52403
52670
53033
53373
53874
69315
58376
86623
89570
99710
80965
60167
60351
60670
61056
61264
61553
61960
62501
62990
63988
63505
80053
64029
64414
64824
65111
65669
65747
66109
66577
67047
67334
67670
79922
68506
68765
69598
69661
69888
70096
70628
71270
71649
71962
72316
84334
72840
73199
73554
74065
74353
74877
75422
75516
75803
76462
76551
76853
77750
77764
121805
78594
79031
79278
79819
80060
80752
114460
81396
81766
82449
82742
82938
83300
84095
84083
84552
97351
85331
87006
86181
86514
87370
87381
88007
88272
88873
103574
89596
90127
90831
90503
91344
91861
92677
92561
105636
93168
93986
136098
138021
138712
95769
96049
112474
96910
97379
97779
98387
98348
98922
141497
100484
119311
100867
101609
119731
157888
154228
103330
103714
107833
104500
104787
105052
106754
105902
106232
106635
120629
107742
108375
108706
109074
109658
109981
110410
110996
123132
111779
112276
112750
113319
113747
115035
114441
125321
115490
116004
116385
117037
117563
119426
118277
119406
201338
127086
120669
121025
121306
121779
122351
138944
123240
123709
124094
125281
125030
126462
140827
126578
127506
128166
130228
128645
129023
130061
141424
130718
131238
131411
132418
132837
132952
194704
195980
135778
143355
126031
144418
127096
129229
171189
128442
129019
129390
157510
199585
158094
147382
141787
142545
157663
144938
145416
144639
146910
145347
145836
157458
147054
148000
149980
156420
138423
150859
140464
140677
142613
142824
142681
142476
152208
143506
143429
143858
144432
188980
174379
146076
146379
147586
164565
159455
175869
160970
161674
163099
162363
162475
175532
163408
164551
165462
169334
154045
169883
154819
156651
156068
203151
243461
158039
158430
159543
183163
172117
226587
173927
174488
174236
238965
256761
178137
178768
177281
177617
190494
179006
179422
180824
181277
192355
181564
182230
182953
186590
172782
195241
172470
172981
174102
174167
184516
174936
175472
213048
207681
203073
190977
192031
192869
193421
209235
194379
195018
210811
182423
193740
183109
183912
184209
184795
185474
197717
217134
269079
188613
204520
188875
189565
190218
224850
201262
192458
271923
235766
211228
194400
194823
195317
196666
209352
196811
198285
197899
198794
208963
200400
200561
201029
201670
226435
203587
203435
204153
204421
249817
206440
206393
208809
226883
208758
208894
209853
210125
220239
213381
211574
214351
212773
213370
214600
215712
215183
276839
285867
217378
218857
230223
221991
254549
220950
269555
294555
222648
223848
239655
224073
225235
225375
236962
226927
227402
227814
228916
239494
230152
230189
231242
243342
232126
232631
270319
243638
234789
235479
236183
260385
237661
250152
222548
230196
223866
224479
255104
245890
242645
243366
333531
279051
245762
245561
246864
287471
247712
286971
335562
250773
250409
251668
263556
252166
253229
254121
277629
255098
256890
267183
257247
257620
258100
273938
259912
350119
469909
452648
475772
489503
478115
491171
481603
526633
405693
408444
572448
509684
519731
512815
523240
514476
520979
516142
527475
521581
580933
530676
508976
367118
426056
474999
425543
360368
504912
392757
304758
299119
324811
283761
296985
284884
290707
276962
269095
270045
269113
288649
270445
270960
271569
282931
273117
273794
283200
274766
276374
306365
287689
390778
280684
293378
279706
280669
290948
281657
282159
282837
299043
284204
344002
359766
287988
287738
326700
289771
289175
302492
290293
291194
291739
302992
293761
293978
307345
295200
296517
317700
297468
298156
298689
309622
328469
304680
426125
302940
303895
315359
304997
305076
327163
306608
307125
313774
362784
360921
322479
311710
346744
332494
315161
317160
319831
315275
315463
324810
319647
318170
306811
299348
300341
316402
301152
320692
331687
350865
381876
381484
326870
326455
344954
327750
330749
338956
330049
331490
387278
343700
312674
323220
343436
346354
346084
336463
337248
349511
339156
350376
348155
351476
339140
321840
329696
313987
303931
304913
352980
357454
371782
336582
327382
328294
347536
329399
330499
376509
331889
428420
399035
334349
347214
367081
336121
347803
337292
338571
347397
339297
340697
350155
341919
342362
354229
343297
344545
358059
375741
437943
370602
348166
360927
349380
353004
360373
351506
367704
387598
419830
366677
355757
386835
359051
357423
366502
359027
359728
368969
363681
361782
372079
363337
384672
364870
370730
378444
345985
490941
374311
369689
390452
370878
371590
386870
373316
416000
443443
375993
388129
407149
387260
378755
378796
399420
380701
390566
381966
384976
377805
361727
363280
371449
363849
406016
458461
365976
373680
367358
376101
369072
370136
387912
371332
485002
373214
373892
412580
411729
438145
376187
377188
392405
379132
393832
379786
380913
397813
382316
409308
413132
384056
394633
385915
394516
387227
388868
396319
388908
390420
420846
459612
403128
393344
442990
490138
402940
396401
400447
405331
410043
384802
377909
378707
385962
379709
380465
427179
406779
415638
407445
406786
388348
385471
394369
386709
387778
494220
420976
423022
443904
515070
415266
425660
416533
411034
512938
634596
502505
533938
440790
501303
434910
457881
448103
425885
436378
429459
418957
467448
506175
431163
759288
536398
449522
433547
446651
434379
449969
445869
448099
440398
449386
472652
440060
459110
441306
447000
446620
454381
444552
462496
539977
467330
448229
486163
557516
462824
451346
472832
453095
462994
454507
454903
476504
458567
495567
459361
475858
465295
482706
484529
526238
838858
527994
502213
526619
750201
553151
531631
541458
542740
510373
501851
509940
502731
552659
503669
529406
507702
518513
507172
517144
623776
511957
517588
608299
663528
545233
527655
516261
516357
532545
520424
535357
552027
529992
522366
539522
524401
532515
525054
578137
601588
530159
599556
631728
542629
539638
540826
532205
502601
523384
504338
551633
617003
514386
508279
517232
509532
522261
510654
616184
525373
579610
525068
518995
528791
517033
522866
518164
526723
520103
532593
576239
632530
535271
525844
535845
527226
535978
570442
603825
530074
567780
535707
532492
542951
534129
542594
535529
545779
537440
540056
653342
556054
554708
548728
521017
513232
521436
637108
557718
622951
548910
570443
550338
525347
522799
531607
524381
527115
533320
685654
569398
557864
576217
557473
531471
580213
601175
574248
590639
573766
588939
576700
541083
539998
543198
538425
548365
591669
645004
583326
575541
583757
571351
561302
680537
572582
654151
593221
597069
558257
551170
571457
553361
558763
562317
626216
688514
590201
602271
587635
560406
568171
693065
618813
636324
597986
606419
595697
566896
582225
569471
575686
570151
674413
624808
573155
581789
582932
575654
673376
577357
617017
622370
579876
590289
586633
610669
613621
599539
595943
657361
648858
599088
589106
868908
599078
705758
593152
657654
595802
600851
604351
596772
607347
598620
607807
620845
660929
609156
612991
604187
612160
607771
702227
618138
659433
626326
618617
611958
619828
623706
616530
626473
616873
653175
628709
617734
630991
627489
620843
717874
634221
676630
645665
626104
630946
635697
628506
637447
636579
692368
641696
647807
633395
639147
638839
660924
711460
671678
667267
645732
649612
644609
651865
660869
645532
655625
656490
649123
657803
658875
654884
698629
708364
704151
676299
665980
656575
666133
666143
659355
668022
803438
669580
666635
673322
670949
664990
762163
678816
721344
681202
677533
676364
674644
680191
693922
699854
681525
684253
680392
686052
687587
763555
698209
742415
690072
685784
690617
693769
687762
698847
696954
755517
690964
699589
700237
697317
795416
704099
758871
700478
707128
706758
701918
717753
713110
740345
731415
716810
716886
716849
708057
803842
719144
743405
712226
722156
723889
718815
733816
722743
781306
722342
768989
747351
733165
829028
727089
1050455
733491
736813
737525
730898
751323
736501
797233
736557
741995
750963
746745
824186
751616
774836
749164
743781
751555
755380
753817
746888
805821
759925
756175
760083
749895
847057
791356
795758
762256
754700
762784
766766
778557
810817
767328
772330
769152
765536
810007
782898
793179
777481
783269
780515
783915
791525
781289
823627
783746
783008
782677
783582
816621
823354
821486
785160
786217
804041
792804
791519
855987
793388
788569
788967
801974
842814
800620
834850
794547
811073
802995
806033
805299
861828
800617
808370
824734
811274
852206
818520
864826
827996
818075
820032
821482
811717
879217
832850
820641
823105
824271
866341
867497
853835
839531
831016
832932
835148
831243
895994
839183
835980
835949
881674
841221
889673
835891
855636
855899
847734
844765
878191
840780
850383
850691
847159
973474
968292
856643
858751
860510
864572
964829
878648
871237
865044
873129
860909
881352
881253
860310
864466
864877
866199
866207
882289
875251
874072
867937
879073
886847
896123
880793
883210
880798
883313
889286
890466
886810
886941
889800
895390
906641
901282
888643
889428
892320
888928
893089
909544
895009
897064
900073
901993
912784
920936
903471
899628
906243
904994
907598
920711
910031
911232
909904
923703
915755
929572
914605
911882
922424
921170
933264
924714
921539
923752
926220
947371
942570
928620
930841
933016
931235
931421
946599
938440
935460
937189
951283
938872
959783
941655
940577
942130
951075
964189
952629
952086
952992
965418
951856
970330
955328
957523
957049
958833
979162
959834
961367
963008
976645
963616
979066
966802
970987
994862
977136
987682
1054029
983705
979155
994562
991870
980543
978087
981474
982520
982521
998793
984263
984890
990287
1002611
1002114
991368
992999
989956
994255
996377
1012971
997140
997053
1008119
1004700
1014698
1002903
1004178
1003972
1010524
1023733
1128950
1035943
1073857
1033494
1039596
1068254
1078213
1079175
1079065
1104102
1098414
1023283
1024871
1038725
1070475
1057824
1082358
1026897
1076104
1092213
1036678
1032574
1033153
1055156
1050923
1039718
1043283
1044350
1045791
1090455
1048481
1044782
1044302
1061097
1072435
1049602
1054216
1053537
1055157
1069842
1062973
1058082
1059483
1072496
1100730
1062328
1061240
1062737
1064639
1088330
1064578
1067899
1072005
1088119
1086296
1078043
1078816
1079745
1106139
1105163
1115718
1092998
1087743
1098664
1198083
1087480
1089684
1088817
1090320
1123054
1096235
1100274
1152296
1130799
1102912
1097258
1098685
1097605
1122544
1102368
1100637
1103141
1130543
1121681
1111507
1114301
1140605
1113794
1137082
1112820
1114438
1127027
1163835
1129099
1164907
1124078
1127564
1142935
1133407
1127904
1160054
1142186
1152400
1139355
1131355
1132543
1150504
1140360
1135117
1136808
1160492
1154764
1149371
1149460
1213593
1145027
1171577
1149925
1151430
1181431
1177080
1160087
1155742
1158559
1160829
1174828
1170376
1177905
1178009
1177225
1167297
1168069
1164866
1166836
1191075
1174296
1176181
1196634
1188847
1177119
1203506
1178677
1181107
1205140
1185180
1180563
1215922
1246445
1212542
1193650
1269959
1203289
1205718
1215836
1197784
1216780
1244610
1203376
1201909
1204657
1227512
1206890
1210813
1207335
1247757
1231986
1252717
1208563
1210603
1238644
1219638
1216307
1248315
1249421
1222509
1235303
1250187
1233464
1269622
1267023
1232179
1269240
1247179
1233249
1231129
1232177
1258102
1239504
1245670
1274251
1268399
1296168
1244348
1252951
1244007
1271355
1257469
1254238
1282369
1281949
1255150
1265605
1259050
1298433
1270416
1257225
1285704
1281739
1276418
1279374
1270287
1295536
1279404
1273663
1299336
1320420
1278429
1274953
1292444
1295185
1282966
1288600
1283290
1311343
1302612
1413653
1295811
1319961
1322595
1325911
1301285
1330984
1408850
1300914
1315743
1302091
1325181
1311308
1304593
1375799
1333263
1325490
1313324
1316278
1325774
1311713
1314537
1340629
1337158
1333819
1339297
1340162
1339594
1319765
1357977
1357868
1342675
1340437
1338830
1336869
1352589
1334424
1377342
1378809
1347421
1340043
1343783
1356896
1345413
1343795
1370687
1364301
1376219
1350579
1387571
1364738
1357988
1357779
1379283
1385525
1358549
1372875
1369215
1385264
1367664
1394347
1410410
1392422
1372586
1387181
1381315
1390693
1379784
1401002
1395368
1387944
1404353
1387526
1398782
1382197
1389002
1420103
1444382
1391158
1392045
1484442
1412134
1636617
1441971
1440324
1418879
1413617
1406028
1425759
1453759
1411546
1442052
1430602
1440186
1424736
1413005
1440207
1421765
1484596
1457054
1479305
1440104
1430828
1452449
1456677
1441413
1496833
1432824
1432291
1440622
1457850
1447422
1441510
1497777
1470723
1465264
1442221
1476200
1451299
1455497
1471374
1477873
1465939
1454767
1465864
1500840
1463617
1486134
1480172
1463115
1483936
1465498
1503387
1465812
1473799
1508715
1497169
1475676
1474185
1489748
1488821
1477095
1507485
1495883
1489587
1484156
1526863
1481840
1487196
1523195
1516310
1508265
1504349
1510952
1544618
1497879
1534572
1548697
1515143
1505509
1523172
1503211
1513304
1536554
1534157
1519986
1514783
1582762
1516914
1517872
1566937
1540625
1523912
1537165
1538069
1537709
1533274
1600289
1552541
1529546
1538370
1548024
1542067
1537351
1649594
1548826
1545383
1581094
1568666
1547013
1561910
1564425
1553308
1552085
1555573
1571359
1566605
1592519
1578548
1559783
1564282
1575419
1564558
1572503
1575841
1587411
1579976
1597203
1598151
1572744
1578771
1608934
1579408
1580317
1581351
1603200
1592832
1638551
1616601
1584764
1589101
1608445
1597267
1598164
1606101
1622628
1636384
1599101
1624670
1602884
1623235
1647234
1612038
1616642
1616547
1629920
1647171
1635442
1631490
1617261
1625434
1639055
1623883
1620273
1658376
1657633
1626503
1628321
1662498
1633060
1650519
1654871
1635869
1644115
1660394
1662862
1658138
1667165
1648410
1651066
1671000
1704848
1726380
1680740
1695610
1662478
1657609
1677959
1662085
1707814
1687585
1679257
1676078
1710590
1671900
1706824
1703999
1679388
1691684
1691000
1684406
1690488
1726122
1710931
1684377
1685080
1709457
1695369
1735827
1714560
1733748
1697870
1741955
1714611
1729682
1736049
1707322
1713682
1717710
1727396
1737555
1745970
1722959
1718963
1740410
1719720
1745551
1740963
1730267
1744635
1769025
1740549
1726724
1772831
1723812
1729827
1755867
1739866
1740448
1816882
1740696
1740639
1762867
1745483
1745377
1799201
1768421
1791587
1814219
1768184
1851743
1796838
1758616
1763628
1787863
1775016
1791347
1815870
1788375
1776032
1784865
1769766
1771553
1831840
1792088
1810498
1803825
1819716
1816721
1817726
1795253
1788138
1813997
1809428
1825037
1821533
1818442
1797617
1819011
1805474
1839007
1820591
1835463
1817772
1835334
1815713
1846091
1833862
1814806
1820506
1835804
1854536
1880265
1828629
1825949
1834004
1838217
1840543
1879529
1869326
1829028
1853874
1841276
1866517
1865108
1857534
1846682
1898450
1843695
1878494
1864835
1850902
1848084
1879085
1858647
1915263
1877059
1859793
1927509
1887449
1880644
1921865
1869369
1875603
1911276
1874687
1893693
1889035
1880167
1890038
1892595
1883866
1940410
1885551
1884242
1908446
1887185
1899114
1911852
1898338
1924038
1916209
1900743
1931506
1903584
1899660
1922087
1910831
1927110
1941976
1905057
1913350
1937357
1919265
1937793
1938533
1929363
1963562
1926325
1938686
1951444
1928270
1926382
1953598
1939861
1993395
1944334
1938466
1946863
1938755
1952481
1968113
1951693
2036402
1973835
1951092
1979831
1959465
1953952
1981134
1964967
1997330
1981473
1969562
1983289
1970321
1980241
1991518
2000329
1971589
1995400
1985190
2007418
1982732
1979502
2000596
2015420
2009989
2003260
1989893
2004164
2000342
2056614
2037771
2144833
2008599
2066071
2013973
2032024
2016651
2011181
2028639
2045438
2037569
2034306
2017379
2036926
2028754
2040540
2062573
2018882
2041695
2025783
2074551
2062493
2035062
2040426
2077392
2092241
2061626
2051344
2041422
2073895
2051236
2100008
2047437
2052385
2069690
2056073
2083465
2059106
2061966
2092189
2065297
2088580
2086300
2065116
2086048
2072806
2117655
2094561
2073872
2091612
2083188
2100773
2102859
2099586
2125803
2087035
2106728
2111501
2115323
2103886
2107982
2139016
2112149
2098302
2116499
2110194
2116138
2157915
2113344
2157497
2123685
2140989
2130962
2133326
2145205
2130338
2177730
2145604
2123417
2147738
2130336
2157561
2164205
2169015
2164613
2132465
2168393
2170356
2150520
2187877
2175411
2178437
2173473
2170921
2176408
2159794
2212572
2172329
2178386
2172688
2165770
2220526
2179846
2179897
2187792
2198493
2253076
2186172
2181981
2193695
2205659
2217280
2216684
2227211
2207192
2221718
2208554
2205114
2217622
2296418
2235689
2220184
2202242
2223416
2215595
2260457
2238292
2209158
2225625
2225580
2259962
2239206
2219828
2258911
2243072
2255087
2360599
2429292
2320366
2389034
2305712
2369814
2280752
2393733
2500598
2253235
2543178
2414398
2413690
2502217
2350318
2361013
2286211
2284220
2286737
2290446
2273104
2349923
2268070
2352780
2339916
2301536
2299799
2280420
2304804
2281924
2308335
2325224
2292874
2316871
2298741
2346515
2298037
2312436
2327268
2375118
2348358
2420528
2338501
2296792
2330628
2306055
2312741
2321638
2330032
2330165
2318938
2323797
2315377
2333796
2334741
2332945
2334841
2321344
2356338
2323208
2347226
2332781
2340425
2347329
2364770
2355673
2343468
2371632
2345495
2367745
2376220
2357926
2376753
2348775
2370104
2351146
2390976
2389761
2371435
2368210
2379795
2418877
2403975
2483325
2395324
2396966
2379086
2396658
2378429
2416597
2406912
2382628
2400980
2396064
2412000
2397431
2431388
2418331
2424864
2399956
2396366
2430394
2423064
2445654
2404330
2450505
2414655
2450842
2424174
2456732
2416197
2452010
2420034
2422471
2445904
2475079
2442774
2432894
2443198
2431662
2481686
2439988
2484658
2475908
2576323
2457036
2456211
2471431
2505031
2476456
2464989
2470308
2468273
2530905
2496721
2483016
2476347
2505440
2493059
2510737
2517399
2533791
2475321
2491511
2505146
2516242
2532899
2523981
2506995
2522772
2520985
2525517
2511421
2525229
2579500
2525804
2524322
2503806
2553277
2555562
2521823
2515462
2598041
2527192
2606868
2571910
2565864
2554191
2532042
2549572
2558713
2593833
2540771
2551192
2544965
2575296
2559108
2597118
2544577
2605931
2553823
2573392
2554764
2622157
2550381
2606618
2567760
2622571
2575812
2613769
2573946
2629495
2586613
2568888
2591008
2630570
2591958
2590835
2608173
2616730
2620859
2629658
2704477
2653728
2606723
2589227
2634971
2660556
2613428
2612501
2611782
2610703
2628907
2632544
2630133
2624738
2621877
2615730
2637991
2665936
2643595
2634132
2633963
2692287
2669249
2660708
2657023
2674303
2682825
2653540
2658122
2683086
2674576
2661098
2658667
2682573
2684192
2679482
2711522
2760103
2697373
2676288
2706402
2688047
2709565
2668542
2691838
2681477
2836748
3460060
2859126
2913800
2869386
2944276
2866178
2874331
2818829
2854097
2707863
2818304
2885412
2857933
2908653
2870069
2934724
2806807
2898525
2807241
2817476
2818160
2852514
2711365
2731529
2734349
2740763
2758713
2762855
2746160
2740862
2733636
2747181
2794921
2736311
2756728
2736716
2783229
2781776
2878012
2766285
2777772
2748465
2770320
2799606
2773701
2760528
2813530
2784840
2791054
2793632
2792346
2801212
2786522
2994368
3919635
3010909
3028842
3139348
3256805
3671671
3568202
3630358
4017831
3981478
4956848
6601604
4384018
4240367
4628529
4861025
4392969
4240436
4151276
5994239
4306758
4154081
4228326
4433751
4037284
4007762
4127051
4062425
3989629
4054468
3864172
4308983
3887037
4246989
4165330
3911202
4114356
4096916
4071041
4092125
4084703
3834261
3972067
3987441
4213758
4073502
4239535
6195431
4113563
4113874
4317421
5481849
4035196
4156750
4718960
4289083
4261021
5376655
4323303
5768173
6325415
4150307
4332431
4410092
4366369
4275763
4131637
4212479
4174295
4187401
4263773
4136354
4196453
4392724
4118494
4236435
4036469
3996415
4557916
4103719
4367605
3823513
4219542
3964617
4125349
3954184
4038822
4354792
4221517
4428745
4272327
4043600
4696027
4750707
4750396
4370123
4314707
4605230
4251185
4489919
4679407
4227981
4325633
4400640
3933263
4403973
3987018
4024539
4153816
3888874
4130074
3602996
3511587
3721342
3198299
3234475
3542526
3199097
3282494
3396054
3432393
3527530
3266470
3138951
3225584
3077532
3220180
3235465
3428228
3154870
3045825
3360735
3205126
3110426
3310474
3075744
3228866
3069138
3284575
3190842
3087093
3310899
3154294
3117890
3268217
3119773
3407774
3080559
3122664
3458008
3145375
3169139
3165828
3382975
3132792
3101030
3391663
3129211
3134368
3414134
3118739
3147076
3214418
3316134
3177595
3165499
3420222
3138994
3151160
3408546
3142885
3370654
3310922
3134685
3362831
3233898
3164843
3392033
3134891
3275961
3161185
3360255
3297102
3170555
3387059
3339044
3173209
3375075
3254873
3202025
3404886
3171189
3294715
3183330
3366635
3521041
3229507
3497417
3614728
3724058
3544393
3445457
3388502
3408246
3580614
3520473
3620899
3489053
3442502
3667123
3461583
3411463
3438669
3590793
3447808
3489666
3524903
3418301
3575257
3581072
3405396
3449481
3438001
3524947
3476264
3488511
3426725
3298941
3317592
3263855
3325845
3345967
3941200
3501804
3446609
3538198
3502826
3455566
3350462
3956841
3711544
4847161
7606335
7849703
6242989
7960054
7927501
5610815
4364996
4450418
4830015
4350631
4273118
4476534
4313458
4307161
4361836
5404964
4399725
4167498
4302119
4285789
3936943
3697156
3688946
3578862
3636229
4166327
4040383
3942195
3766507
3675539
3770224
3562073
3551499
3627494
3573021
3554069
3608186
3599092
3631609
3602757
3592103
3468247
3422058
3404394
3388761
3614789
3405207
3468645
3652119
3483218
3569426
3649897
3520819
3596689
3623943
3572116
3575332
3717544
3594933
3506465
3591583
3542563
3527676
3669240
3629427
3635126
3717990
3679776
3682895
3571061
3647372
3630632
3620944
3659849
3612978
3686307
3612979
3681008
3655470
3647488
3711176
3668851
3674816
3801348
3838377
3916064
4079964
3946031
4018045
4065487
3947731
4061351
3914749
3931078
3789011
3723730
3702472
3867925
3739342
3770878
3708841
3749935
3806553
3656554
3715813
3819374
3617694
3717719
3784750
3697867
3671840
3897751
3687890
3680368
3830149
3665616
3786624
3827438
3722369
3835375
3838197
3779294
3848934
3624432
3709370
3853953
3836216
3779030
3892071
3633764
3775104
3814363
3826170
3843928
3861010
3595831
3718242
3758718
3859019
3913606
3691962
3847681
3896372
3837320
3853275
3866094
3917166
3878929
3826655
3831632
3944802
3778740
3693441
4021622
3619600
3635331
3807842
3944924
3841350
3671867
3640866
3661833
3660226
3640907
3663101
3671623
3665312
3695465
3644667
3661510
3706884
3649688
3659985
3692173
3647771
3668211
3739386
3651473
3685605
3721812
3677362
3687716
3710464
3706633
3711686
3693760
3710231
3722228
3699836
3703195
3712054
3713881
3726051
3753606
3708594
3716131
3751875
3720478
3726206
3764747
3714307
3726414
3787927
3742763
3743570
3768107
3788049
3786149
3764222
3760779
3796643
3727635
3750939
3809519
3735998
3766796
3803577
3736791
3780275
3809228
3814375
3798378
3776395
3797195
3810591
3775486
3798153
3834782
3789205
3807535
3833135
3783029
3828868
3837450
4007588
4019229
4042450
4075320
4087718
4117651
4241345
4067336
4078139
4064667
4048582
3976288
3871291
3888710
4532115
4060652
4053607
4090803
3907546
3882341
3905336
3856973
3882330
3874127
3890597
4101395
3853282
3908872
3915462
3845666
3918634
3896492
3875890
3904388
3887024
3974423
3949405
3876553
3919322
3949662
3906700
3936914
3914538
3931279
3957393
3911307
3957721
3950285
3910763
3920358
3958250
3959253
3974030
3934023
3931346
3973078
3904434
3972073
3979777
3973770
3957603
3953528
3989844
3975916
4015835
4014698
4009601
3966029
4016209
3973614
3966621
4007467
3953653
4008033
4027246
4006481
3993831
4041415
4012881
4014413
4131065
4001177
4042090
4058018
4035681
4071554
4013700
4037735
4005489
4030857
4057634
4034019
4034465
4038432
4075731
4066524
4472105
4838392
4027084
4223599
4085582
4040751
4045858
4050519
4070909
4099265
4061943
4083347
4111555
4094888
4113435
4095959
4083465
4110168
4067526
4124349
4086007
4083780
4116748
4070525
4110353
4111687
4095490
4102710
4106939
4118069
4125923
4105971
4110168
4115592
4187030
4140485
4123019
4145368
4143864
4116909
4191844
4900484
4141371
4172520
4165987
4164132
4115591
4144129
4161771
4140936
4236623
4126041
4159654
4189725
4147495
4193205
4169522
4172683
4187408
4175397
4219330
4160675
4180194
4227892
4154650
4246634
4194553
4214863
4223224
4175909
4225652
4241921
4196884
4260666
4198671
4274146
4258929
4216015
4247548
4208716
4247574
4282092
4235910
4249017
4198517
4262213
4260218
4233670
4310649
4219263
4269983
4266712
4265858
4278435
4222132
4281393
4284908
4252655
4278402
4242702
4298406
4303314
4284086
4299685
4274334
4288626
4310179
4275900
4325933
4268970
4321044
4332858
4295689
4338386
4270251
4345808
4299946
4301893
4363761
4292674
4341280
4330295
4316721
4360030
4338290
4358818
4320389
4366215
4353423
4323994
4385937
4329452
4347706
4381090
4341944
4401811
4344478
4342072
4404451
4388246
4417511
4358695
4391141
4381907
4396475
4405752
4437153
4375225
4409709
4405891
4411650
4392061
4430332
4366445
4410003
4463752
4417262
4419226
4411481
4440375
4400541
4416732
4433786
4411125
4473910
4445961
4434916
4462750
4462515
4464301
4435232
4438110
4419313
4462214
4496888
4458307
4481991
4483206
4489539
4472325
4457693
4496093
4478844
4506245
4481447
4463027
4533172
4503617
4516335
4516890
4488334
4498227
4520260
4506134
4492032
4548026
4462205
4560745
4511340
4511432
4524257
4505528
4591287
4492985
4510856
4566050
4553549
4556136
4535016
4556738
4579154
4566066
4558166
4554267
4566423
4551129
4594177
4560073
4563175
4595674
4613418
4605301
4566383
4607999
4560343
4579551
4612334
4604066
4615227
4590529
4639096
4569271
4612895
4594456
4809089
4615467
4622580
4639431
4586055
4656751
4599354
4627237
4634370
4659746
4647687
4628958
4626015
4630877
4646756
4712261
4640612
4666784
5022311
4677025
4669012
4645419
4640043
4672155
4682747
4662402
4714572
4652915
4714487
4704055
4694038
4663058
4708052
4692291
4695379
4717870
4678276
4732747
4673889
4744954
4713065
4719571
4709751
4701088
4744269
4701819
4753495
4716031
4709427
4743888
4735658
4756853
4719101
4905506
4742799
4760050
4745338
4764360
4740327
4780331
4771420
4752427
4788519
4767427
4815623
4720913
4801445
4754387
4801732
4790558
4776004
4786103
4775659
4846760
4777426
4779126
4770199
4826795
4812554
4811190
4841931
4848956
4816984
4803833
4843204
4778897
4865908
4838835
4810877
4852930
4842626
4847241
4815506
4867138
4819972
4875830
4911784
4986823
6145830
6170391
6101013
5246652
8299134
5535814
4914148
5123434
4873170
4913337
5127091
4910441
4905795
5048118
5037405
4951547
4886057
5205070
4945897
4932323
5248234
4892043
4889186
5144506
4982253
4895415
4972562
5196767
4980168
4925152
5182636
4914589
5022524
4961271
4996375
4922372
5004248
5207880
4987684
4941784
5317099
5207195
5011426
5456640
5008355
5025628
5068372
5366145
5197488
5048912
7859826
7054923
6607567
8304744
6580986
8143949
5173349
5702176
5021590
4984670
5474282
4996210
5016520
5343497
5026757
5021264
5299442
5061754
5011213
5065959
5422122
5066146
5037988
5475231
5096073
5214051
5487167
5091718
5053181
5128095
5089643
5083046
5062969
5095201
5045392
5073664
5070779
5081561
5063269
5128870
5114454
5085796
5130697
5091648
5086460
5089778
5130559
5109290
5124981
5103764
5161487
5109647
5219253
5129236
5183320
5154930
5213612
5172388
5193389
5163551
5194284
5191341
5177445
5150352
5176943
5173242
5217097
5145595
5212591
5160997
5208249
5201800
5178170
5216776
5180406
5239463
5248111
5258466
5210056
5244834
5193342
5298391
5202879
5249317
5219849
5235470
5236636
5244636
5239265
5265225
5219694
5282066
5222395
5335358
5263349
5286125
5233779
5302134
5242484
5378853
5332532
5325570
5241739
5320855
5234927
5312314
5284141
5314840
5272848
5317481
5602836
5338780
5296600
5382544
5307058
5344014
5335393
5328043
5299341
5383278
5317449
5375801
5304530
5446792
5305822
5385112
5297416
5368693
5314501
5458745
5327724
5401362
5324924
5399494
5360691
5379740
5345460
5558684
5379146
5431194
5466543
5407692
5348816
5523725
5364969
5602415
5524713
5452102
5499804
5442922
5553669
5384448
5418867
5404287
5512744
5486652
5767956
5380863
5420250
5470715
5462632
5395300
5655734
5430567
5482883
5433419
5604822
5446136
5497782
5444712
5471862
5429160
6267342
5463627
5833198
5440433
5465304
5450722
5471107
5456790
5452649
5532582
5456990
5823766
5683366
5503197
5907483
5488773
5453570
5939352
5487930
5543863
5939147
5517367
5495332
5812217
5706402
5542665
5552445
5492329
5539358
5744615
5560012
5551483
5747165
5516475
5605632
5730655
5562087
5590610
5755332
5549072
5615003
5733924
5567624
5597666
5958373
5592658
5646324
5781552
5545780
5876727
5564551
5593733
5832632
5676291
5567443
5847822
5629929
5615033
5846327
5624456
5603316
5823567
5643143
5611170
5895862
5611298
5696508
5695780
5652813
5654925
5913150
5624504
5687108
5808181
5620954
5697405
5858421
5721844
5636545
5930113
5656184
5735297
5741523
5698977
5764199
5819890
5802338
5860695
5752417
5681559
5999275
5681814
5759797
5790771
5778840
5689960
5871148
5716722
5728580
5832293
5712346
5747127
5713222
5756270
5684433
5783652
5718890
5737443
5782116
5768924
5750909
5776399
5768320
5773570
6197808
5789001
6036828
6129354
5938948
6105057
5993152
5942835
6079290
6052853
5982480
5983708
5867135
6033089
5940334
5810274
6122317
5948508
5913459
6102351
6115073
5861297
6133554
6002001
5817177
5832980
5827900
5849665
5829808
5843516
6029176
5939689
5946158
6028277
5847736
5936874
6156742
5864568
5905843
6001990
5862802
6086145
6165631
6011747
6051075
5889870
5868047
5920658
6208658
5932105
6166894
5985788
6072340
6255152
6038779
6289131
5978964
5991450
6230351
6088420
6317422
6195604
6054378
6193811
6433687
7121800
7105608
6089250
5991780
6045337
5995629
6063525
6031416
5980158
6081630
6128578
6138296
6044345
6268351
6111536
6092804
6335374
6043700
6023987
5970134
6039860
6009597
6001976
6054812
5973009
6027826
5984419
6017326
6037148
5988709
6052829
6033450
6175144
6095661
6172355
7194434
6354296
6333897
6041304
6223378
6311680
6077440
6171815
6094946
6133301
6864746
6453224
6227178
6049649
6124345
6069238
6465976
6180037
6103802
6195082
6103476
6169462
6103348
6114826
6220968
6127222
6139716
6132143
6140098
6472010
6107037
6280493
6204275
6261019
6167609
6159623
6176691
6247501
6223656
6206345
6170233
6160122
6228462
6197948
6158082
6390326
6199615
6273041
6243670
6214393
6293694
6178305
6224326
6282454
6270186
6283533
6211318
6243116
6320949
6252414
6310258
6226483
6288205
6242567
6274021
6277148
6266188
6273739
6358655
6297529
6300150
6283005
6381805
6278652
6317420
6344527
6321319
6387515
6368857
6361475
6287389
6325950
6667743
6319277
6708056
6639071
6426051
6841063
6456922
6695808
6543921
6465696
6862017
6368239
6655528
6533524
6295206
6792042
6386478
6532242
6405114
6367709
6353025
6366507
6328551
6413031
6346838
6396646
6404443
6392949
6422481
6429981
6511020
6769757
6785213
6653629
6453134
6378460
6878499
6481462
6742597
6712824
6522772
6673268
6547667
6735480
6541538
6438828
7479592
6643454
7512319
6740378
6701288
7575900
6532915
7626141
6473662
7016650
6555532
6534041
6785372
6466090
6991374
6596930
6534042
6974282
6548275
6921394
6574997
6487301
6932766
6584242
6617202
6521273
6491893
6991007
6541254
6924690
6577316
6605968
6951885
6578246
6744954
6539975
6584621
6651222
6644578
6619210
6496244
6575518
6721355
6558884
6604507
6538441
6588719
6651664
7563042
6659324
6842276
6583245
6629446
6565693
6655105
6727427
6560232
6726435
6678604
6800568
7070011
6862431
6643983
6776954
6684609
6747688
6701709
6618219
6667248
6749835
6637667
6723493
6705227
6707960
6829354
6654057
6729086
6813331
6661012
6853633
6678745
6841270
6794587
6627122
6735172
6697990
6651065
6719379
7059693
6736896
6684908
6745072
6743702
6803857
6778334
6779920
6744056
6740772
6695209
6846502
6744126
6814421
6751669
6840818
6834271
6699888
7461216
7640544
6710564
6811575
6807591
6709685
6769604
6793504
6765355
6794112
6750414
6806861
6765626
8416627
7917255
6885081
6800431
6784003
6787982
6765630
6821412
6800499
6763446
6803383
6815494
6781388
6803416
6812612
6810539
6846287
6882206
6829360
6878592
6799516
6806703
6870051
6813380
6850518
6856842
6846437
6836402
6842897
6912335
6919622
6923149
7044587
6872553
6834852
6875142
6928876
6854957
6894585
6975503
6875182
6884423
6932890
6879124
6901772
6904482
6900380
6896415
7023639
6928461
6985170
6935425
7035517
7002828
6895091
7011416
6993510
6906129
6999634
7039293
6919567
7137196
7153241
6981583
7020990
7134856
6959527
7002021
7009834
6945413
7104037
7000625
7582003
7013706
7853824
7781958
7826657
7828977
8650839
8936571
8250525
8029346
7604307
7687040
7121116
7690787
7290424
7502172
7041549
7727391
7045875
7205182
7395924
7061543
7177361
7073436
7253820
7317204
7285567
7071523
7299843
7271927
7256202
7375792
7290731
7135605
7146906
7105033
7121981
7103148
7122880
7103833
7129423
7127709
7122343
7333735
7137071
7176954
7112404
7153296
7174600
7160771
7161195
7195092
7122318
7146718
7219309
7117619
7178454
7230053
7160688
7163254
7217180
7173239
7170229
7213531
7156025
7194865
7210119
7188056
7205940
7213529
7178622
7240749
7260532
7188384
7239287
7207205
7218736
7238955
7244755
7258425
7236111
7257933
7253298
7221003
7251436
7289300
7274786
7355640
7286125
7281084
7365433
7415910
7279992
7357188
7261435
7277386
7295998
7292701
7363927
7306219
7429795
7329653
7396313
7559471
7984299
7926627
7699927
8361426
8316328
8389623
8739598
8913785
8301974
8053303
8063367
8288686
8370026
8306618
8379739
8277737
8554455
8639061
9109232
8563596
8326826
8256087
8500592
8667959
8742993
9139924
8977537
9619260
9063744
9815833
13917349
11757183
9975985
12837465
8333470
8575667
8447164
8590452
9136833
9281458
9061152
8970112
8736879
8427121
10666079
8707554
7894543
7819068
10045482
7913172
7973727
8244597
8142392
8212813
8320838
8349028
8599981
8037698
8183944
8080887
8257041
8311586
8186461
7780446
8059455
8015028
7994223
9415302
9036528
7807369
7771213
10446882
8030633
7541887
7570515
7655843
8451019
8049781
8190714
7581804
7815420
7731640
7808078
7971911
10836913
7819768
7552916
7617593
7633984
7568087
7654035
7608766
7638383
7638638
7638334
7642467
7588516
7682518
7648627
7685681
8943764
7683532
7725781
8267522
7710501
7692163
7712652
7682578
7679431
7701468
7706286
7670661
7660021
7707346
7901476
7678060
7935700
7688931
7714964
7714752
7706601
7763865
7708257
7741976
7705821
8993741
7811971
7767771
7786896
8002839
8501507
8152042
8092367
7857103
7786792
7953022
7810178
7793922
7780088
7826437
7768409
7959812
7766916
7853646
7896884
7762656
7777993
7786197
7956571
7858454
7836762
10399896
7810751
8257427
8338988
7799157
7831032
7848349
7805129
7928297
7798533
7862117
7806777
7870573
7875282
7827901
8026709
7874580
7888373
7847071
7861601
7905772
7952986
7902749
7887086
7921850
7892782
7873532
7880566
8003536
7901017
7859848
7921070
7906880
7923558
7849342
7954443
7955848
7952119
7881770
7947811
8040593
7978895
7913840
7997169
7936549
7944276
7902012
7985691
7961849
7980748
7929029
7982199
8017249
8021942
7958662
8100416
8025391
8059774
8015779
8171557
8295880
8411725
8287233
8085218
8163768
8114382
8177167
8146966
8096169
8041828
8041875
8187159
8278612
8068703
8280479
8006756
8313446
8041201
8330201
8052345
8160847
8053937
8203259
8082479
8069520
8079676
8125798
8084491
8150732
8263371
8507663
8658820
8993623
8655508
8833009
9215074
9256722
9073818
8766459
8290506
8421285
8668701
8551298
8334447
8145075
8305830
8206064
8274389
8180792
8256846
8223500
8352363
8162074
8217740
8185003
8291433
8219991
8311741
8236575
8369029
8383982
8379530
9824293
9274766
8635572
8603698
8420594
8356485
8305474
8443838
8303292
8332648
8243608
8378352
8320926
8398272
8294446
8579453
8264111
8296947
8333347
8269013
8291257
8296874
8300026
8347265
8279117
8352935
8362416
8378287
8250279
8374139
8304838
8328627
8336214
8284141
8360557
8369429
8351061
8398978
8316447
8570010
8390936
8412190
8351980
8417820
8342889
8448152
8354644
8384066
8382851
8384024
8495465
8591247
8400214
8477497
8388824
8451618
8400097
8408728
8448910
8395504
8502600
8404464
8422793
8635978
8478489
8517372
8489389
8491215
8480905
8488504
8543040
8422164
8475799
8466973
8704938
8580451
8451748
8492592
8575033
8458604
8581740
8448484
8573532
8483198
8504799
8519782
8451427
8519870
8527197
8512464
8578736
8462310
8554950
8507344
8537685
8548485
8489546
8606268
8587656
8559228
8582874
8533713
8589022
8556190
8572842
8648840
8565124
8584758
8584304
8793413
8640642
8633336
8665307
8619233
8733418
8856927
8632853
8669032
10878340
8678093
8673752
8834770
8663661
8724208
8741959
8637306
8646963
8676421
8678492
8615248
9233813
8653650
8903920
8678845
8709755
8633832
8800805
8740692
8686871
8760588
8626244
8729660
8736182
8705045
8739627
8683123
8698687
8701953
8702966
8742898
8703499
8704163
8756822
8710093
8769606
8742309
8752788
8702014
8763728
8771875
8742915
8783984
8718551
8792639
8789411
8816290
8878517
8831820
8720188
8792059
8755895
8765319
8828177
8760472
8762234
8848198
8796562
8789965
8838181
8855790
8798799
8832992
8878872
8870118
8889114
8799347
8913223
8854721
8812166
8895227
8903485
8858026
8869706
8911908
8840971
8890853
8924895
8836816
8914546
8884198
8938036
9008236
8906120
9015570
8910610
8936597
8881343
8940158
8931152
8894853
8910661
8976696
9023695
8953244
8962699
8946686
8876957
8992265
8934403
8990752
8947024
9009484
8907477
9034253
9055183
9063227
9461185
9024706
9363012
8997759
9457695
9502339
10133479
9563892
9821696
9893720
10051632
10088179
10150504
10634842
10684899
10338577
10662949
10315452
9645255
10258705
10384975
9897560
10213258
9659453
9374938
9246279
9660216
9720819
9701514
9598136
9606886
9451913
9305758
9168527
9380206
9261873
9172975
9154645
9157293
9087257
9162008
9190600
9173522
9208743
9191153
9176391
9100949
9213929
9218812
9248432
9190405
9203453
9310592
9157483
9220548
9216165
9246248
9216665
9252106
9268710
9263959
9186563
9323662
9268617
9247181
9268936
9319969
9286993
9265837
9296813
9450435
9368586
9324413
9377041
9373269
10080859
10013373
9402447
9239166
9274273
9274458
9382158
9298161
9404210
9345222
9302133
9290150
9648782
10245583
9338788
9810230
9697964
9515284
9849494
9314124
9829378
9268149
9893449
9954182
9396575
9969284
9354662
9888413
10428230
9678610
9419086
9395725
9362404
9379378
9623774
10098023
9712771
10219861
9696269
9722647
9651536
9488907
9401778
9449313
9445858
9677722
9467531
9391721
9486527
9478855
9471788
9525883
9439358
9556800
9481866
9491323
9497551
9450786
9530795
9462161
9510433
9444085
9447535
9462683
9531690
9472593
12279278
9677703
9513879
9519941
9548891
9515727
9499754
9488105
9541927
9536394
9507194
9524844
9536172
9565947
9521144
9572908
9544055
9553718
9581433
9543200
9583036
9535231
9619021
9593563
9596841
9607901
9554098
9584167
9609395
9620581
9615072
9553587
9640212
9631681
9773446
9624011
9709190
9652396
9767079
9695649
9642903
9612523
9679099
9662412
9677268
9631876
9668522
9656501
9640231
9687200
9651517
9682555
9650561
10333165
9858950
10234586
9832356
9765611
9795464
9761711
9770055
10546398
9803286
10398467
9972525
10313770
10533534
9828784
10459176
9967488
9946845
10620612
11947238
10472863
10505613
9732740
9838356
9913019
13648107
13068607
14564735
10003737
10328359
10434125
10419876
10428194
10204075
10364480
10644470
10565085
10708308
12286567
18176561
13248637
12619774
12842198
14820718
12184447
12038420
11814577
11216002
11154271
10549466
10532924
11385883
12964011
13120291
13153862
10865175
10846055
11072192
10237154
10880325
11112661
9934724
9938970
11053106
9903228
11092344
9977602
9873389
9944017
9946757
10116820
10033728
10005916
9979015
10516638
10069113
10002131
10278699
10965492
11442469
10076526
10424052
10073311
10332505
9980884
9974058
10021450
10001337
10002187
10024208
9960744
10024379
10183988
10070649
10162070
10008739
10125327
10039920
10056959
10034472
10122020
10152432
10069849
10154418
10101659
10086519
10068707
10066235
10035755
10146564
10170661
10254292
10172484
10205166
10192501
10144428
10213223
10094168
10098405
10547712
10124958
10562706
10601016
10252673
10228381
10251352
10220609
10264922
10245347
10246337
10325394
10171652
10332299
10271397
10205798
10259501
10257655
10281192
10421394
10492100
10410928
10284267
10302894
10272987
10212902
10274684
10175650
10245158
10272371
10300644
10252571
10417954
10306312
10399562
10229137
10358468
10268668
10287224
10304803
10322375
10285978
10247943
10285726
10289119
12061013
10780389
10293555
10333192
10335520
10347941
10265460
10427780
10848504
10331140
10347877
10338984
10526487
10356499
10319594
10313875
10405152
10533103
10388683
10341869
10353036
10529017
10426006
10327903
10363652
10401819
10447921
10623939
10643357
10364021
10403318
10394835
10453601
10377707
10462375
10540161
10466178
10475244
10414053
10421577
10441656
10455545
10432190
10433232
10646811
10454138
10527227
10456775
10447955
10465717
10435869
10449482
10445695
10498799
10540730
10479899
10443467
10497885
10553911
10488638
10483731
10527394
10560256
10520786
10605785
10518041
10494550
10528625
10524189
10578130
10559864
10551027
10565465
10587249
10669526
10566764
10557086
10568794
10569548
10578282
10591635
10567837
10652020
10828231
10623276
10608336
10630004
10670197
10591629
10663956
10618844
10639262
10601671
10688691
10635524
10676161
10639237
10629074
10701404
10717161
10650210
10854082
11073294
11012610
10662199
10690207
10643697
10875086
10711130
10931490
10683532
10706819
10762066
10713261
10690698
10711444
10773980
10726292
10714096
10693213
10707105
10734336
10733562
10716514
10706920
10739172
10734995
11123646
10997026
10834122
10962016
10810415
11573622
12242211
12656345
12522641
12745480
15007231
16944347
15610272
15214120
13861799
13008302
14430458
14725588
12884898
12874202
11843754
11941546
10949195
11355572
10856106
11675555
11545060
10863501
11442025
10876539
11438976
10883206
11436623
10928136
11494448
10933956
11468914
10934857
11501599
10941975
11473027
10989240
11520523
11472074
11097304
11097201
10936151
10920377
10989438
10932491
11104677
10947138
10979780
10954637
10956163
10959338
10971035
10965554
11009582
10982136
10972391
11060793
11038190
12056588
11063326
11097310
11038015
11050089
11145724
11077070
11118095
11047188
11160229
11070402
11114403
11123118
11109329
11121148
11168587
11396027
11243480
11129794
11127102
11113282
11169347
11154389
11162397
11131015
11156576
11147202
11149398
11161853
11120981
11180448
11201711
11193342
11236139
11159412
11248627
11249999
11170237
11208719
11181341
11207222
11218202
11240609
11216740
11228083
11225153
11235262
11220058
11201090
11238293
11253030
11235984
11298338
11253438
11252895
11253423
11276052
11282883
11562259
11302671
11284480
11297910
11283357
11293052
11305189
11298324
11297086
11334246
11222523
11294432
11337275
11279463
11250085
11346398
11295371
11273027
11269013
11290630
11291266
11302930
11283413
11278878
11352765
11298579
11282175
11353002
11343755
11337905
11313797
11315716
11384253
11372669
11345822
11308971
11356775
11391645
11377039
11336513
11350151
11351757
11383439
11390155
11353890
11436909
11366611
11377687
11379541
11411084
11467582
11429560
11417385
11397024
11525890
11399611
11497828
11494390
11436846
11459462
11398667
11436948
11472306
11483479
11492756
11589644
11490002
11477856
11463935
11453651
11509689
11499241
11504225
11534776
11482500
11500057
11512482
11476556
11530783
11509273
11517802
11509424
11516450
11580765
11556636
11512915
11582066
11550543
11532636
11581497
11592014
11546029
11572742
11566430
11593143
11648211
11602904
11575435
11570465
11609177
11629964
11637984
11606849
11598824
11622831
11620900
11683068
11622930
11665488
11625922
11628552
11646793
11642053
11725719
11668051
11786010
11738154
11908507
11733608
11683625
11714799
11688057
11697331
11716520
11668614
11718638
11718537
11774827
11721198
11699405
11852090
11738277
11715364
11727964
11717505
11702865
11763534
11790061
11755261
11774778
11754780
11742835
11791121
11808171
11761485
11774169
11792458
11799542
11791967
11812577
11788500
11777533
11811349
11865708
11815810
11919391
11858339
11843428
11883487
11826940
11826262
12027499
11885343
11822420
11897305
12020268
11889026
11879983
11878784
11942320
11911358
11878830
11939860
11932208
11920227
11908642
11899047
11899697
11917545
11900870
11917955
11968256
11953463
11918663
11926433
11963635
11960180
11933354
11931324
11977290
11972830
11965316
11955603
11997182
12011331
11979234
11967156
13576744
12250823
12003799
11994689
12074190
12503657
12296550
12110616
12042022
12079823
12113995
12537241
12148744
12113391
12192216
12058505
12127004
12127906
12098471
12086728
12107561
12126342
12133399
12120936
12091841
12298353
12155399
12108158
12177799
12170955
12166413
12106100
12170000
12109594
12140663
12242989
12205067
12194164
12130340
12186743
12184525
12151177
12208691
12189508
12233469
12167118
12233058
12206852
12277262
12281743
12226893
12251228
12212468
12240414
12240344
12204516
12259580
12237395
12257592
12233879
12258135
12237340
12442224
12444572
12263382
12252991
12302615
12343124
12292628
12304185
12369721
12316820
12299312
12293267
12328420
12353579
12315566
12322573
12464851
12366103
12294714
12342529
12411322
12352457
12363933
12341608
12353024
12356697
12383898
12376944
12376317
12385880
12446111
12458436
12437284
12412498
12392839
12394257
12408811
12368600
12428000
12471056
12417348
12421341
12400434
12444076
12456971
12444808
12435731
12428773
12456078
12425462
12438790
12481851
12448830
12478671
12501407
12481168
12602184
12479312
12488509
12487738
12509145
12469583
12515493
12561414
12518521
12529353
12539222
12536658
12572433
12581737
12550405
12622224
12704125
12747727
12588966
12524720
12557013
12570411
12566827
12628698
12546506
12591540
12590152
12583764
12617439
12713327
12589171
12608609
12586930
12647376
12644665
12591172
12605023
12714499
12648138
12667142
12647814
12639597
12650259
12632375
12678120
12676750
12665594
12670254
13251371
12718167
12715770
12681602
12713858
12701901
12704391
12772018
12705362
12701096
12777081
12717765
12757234
12722307
12749563
12802717
12729414
12795524
12749150
12736343
12783623
12736250
12800812
12838685
12750805
12784152
12782802
12813935
12807929
12830148
13026734
12966581
12847822
12786256
12824220
12858806
12855051
12865550
12875392
12843966
12854321
12872439
12913149
12932106
12917219
12867106
12897296
12990309
12923333
12909476
12906124
12926411
12946064
12912491
12908815
12870090
13001238
13047270
12942636
12887539
12963444
12925217
12920692
12967997
12941291
13004738
13091447
12939607
12994410
13013727
13001858
12934176
12991646
12997104
12984494
13002318
13051828
12994521
13389402
13151338
13117981
13689953
13084060
13249883
13094774
13199730
13163072
13180843
13103546
13158886
13100204
13159471
13135506
13332066
13160783
13214012
13177451
13211026
13223837
13142423
13270705
13136193
13195688
13140398
13269282
13252291
13423100
13208372
13314311
13193028
13219609
13206442
13283056
13166798
13234353
13444966
13277124
13380074
13199260
13281607
13307405
13269810
13234938
13320083
13291082
14437182
13374687
13252980
13637612
13361814
13309790
13270211
13466964
13297959
13353598
13315912
13395165
13312046
13431136
13330018
13413750
13338299
13336635
14021948
13744310
13962897
13352679
13515431
13329932
13413045
13407804
13484105
13426834
13479034
13380863
13658470
13385233
13459436
13517088
13461410
13606571
13472105
13493882
13452764
13452186
13396430
14016415
13390899
13453908
13469946
13509911
13626800
13491782
13540448
13686358
14370247
14604718
15035040
14681094
14146631
13606802
14131980
14409931
14147375
13609597
13666533
13599712
13594255
13559884
13614084
13567871
13562399
13529472
13636822
13522872
13550591
13562239
13605572
13556871
13599952
13737821
13548442
13674464
13602530
13710643
13607569
13709627
13617318
13651743
13638845
13574536
13691277
13590523
13622632
13645319
13635477
13705123
13701443
13760162
13622142
13667104
13622306
13789022
13730005
13662425
13749527
13658488
13699347
13673890
13733698
13666719
13741810
13807042
13717888
13804469
13724577
13747333
13731985
13726997
13803065
13695378
13761141
13809117
13773786
13766520
13721023
13835511
13792772
13864640
13895058
13782289
13913552
13770184
13818292
13754550
13817506
13854674
13839159
13886088
13902058
13883660
13860796
13825871
13901895
13879670
13823751
13907385
13937825
13793394
13902053
13806818
13850274
13841521
13976251
13887595
13855607
13895744
13901395
13857380
13880022
13893641
13856553
13806988
13918381
13872497
13909888
13915887
13861351
13897011
14091766
13957518
13923222
13990342
13909593
13998552
14244960
14028774
13932693
14086552
14060020
13973141
14089895
14060016
14010801
14012177
14072874
13987457
13966373
14032614
13989995
14011700
13987870
14026069
14015984
13994522
14218242
14092549
14074507
14180465
14044884
14056723
14089926
14038414
14060753
14109694
14116857
14093557
14080127
14045914
14061547
14125569
14050217
14135764
14109298
14081315
14109355
14107863
14083782
14122968
14130841
14260697
14123641
14139680
14119104
14144420
14134427
14156211
14154037
14119397
14208700
14159455
14139183
14247116
14210010
14142346
14214564
14181567
14129402
14213439
14198741
14187128
14251204
14314827
14209949
14240221
14295211
14302448
14379808
14319341
14535606
14462367
14339549
14445529
14299911
14381050
14483866
14463334
14350602
14451492
14446351
14508709
14468568
14381327
14373523
14512055
14577719
14560117
14388707
14484971
14520106
14379704
14523241
14512010
14547243
14410935
14829960
14443229
14368296
14539815
14444359
14535120
14461700
14480717
14469391
14413461
14504967
14482681
14499569
14450488
14530567
14510225
14521948
14427369
14417542
14510674
14513903
14460675
14581483
14469262
14510374
14498100
14458366
14472662
14474993
14505188
14487406
14543494
14501951
14561386
14591312
14463793
14617171
14511684
14502468
14597300
14597983
14579059
14545166
14556572
14594272
14518635
14559789
14597635
14599627
14557960
14585375
14734017
14670922
14615148
14637725
14803904
14580629
14580653
14799589
14687170
14796919
14584157
14649544
14706843
14720823
14603384
14750058
14756578
14849608
27435476
26599282
21056752
17715030
15493147
15031057
15224982
14982701
15026483
15169086
15253689
15030540
15176513
15035908
15166142
15021829
15230011
15089778
15289214
15106526
15159301
15130183
14841892
14877196
14896493
14828520
14900041
14868307
14917238
14912865
14937896
14957042
14929639
14983699
14895627
14872760
15096498
14884167
14975674
14910721
14883106
14937657
14919660
14953794
14950881
14893041
14996952
14937068
14978872
14951926
14957266
14966890
15008671
15002874
14985467
15087608
14993407
15070485
15096837
15029370
15063111
14948120
15061372
15085959
15076887
15038030
15018983
14911779
15032043
14971326
14981645
15002171
14969744
14987366
15022291
15091753
15020956
14995104
15030335
15027893
15032121
15008003
15096265
15335503
15055538
15204289
15040182
15107936
15093819
15329014
15425760
15240992
15433967
15282785
15471768
15566223
15270721
15430295
15318363
15477711
15277900
16236318
15343229
15553623
15542369
15615023
15549297
15374404
15632691
15373537
15573242
15379175
15769601
15377218
15600465
15580260
15402143
15619479
15408936
15607415
15567298
15452925
15372590
15682458
15502296
15699207
15733917
15353727
15447638
15452455
15372966
15402162
15290441
15312067
15450366
15403423
15424216
15358907
15366468
15398336
15403221
15339041
15326442
15530629
15367274
15435043
15440310
15429102
15478523
15441733
15517955
15395757
15569474
15359221
15369773
15345890
15386330
15375670
15434441
15419195
15375962
15468215
15450313
15408806
15414114
15443727
15440147
15499001
15400578
15535894
15749905
15439461
15552277
15430049
15485784
15508675
15521944
15465714
15515181
15469279
15465445
15516050
15480614
15604305
15481463
15504050
15550756
15532515
15564497
15638430
15550511
15519774
15603070
15590010
15616806
15558287
15597861
15554276
15943572
15580582
15627069
15589158
15598647
15603887
15630898
15626141
15598355
15620003
16001867
15876202
15960065
15841221
16016598
16007585
15831201
16037488
15838737
16057640
16024377
15851752
15723636
15709052
15699973
15745985
15711376
15791148
15764771
15804676
15779502
15788643
22694482
19780587
15738449
16286650
16204999
15837343
15812802
15909287
15843752
15862597
15819342
15854979
15787806
15841669
15786444
15791388
15787550
15789359
15840587
15834645
15831689
15839650
15934576
15856298
16510311
16411128
17996259
16849182
16286408
16108898
16362306
16250993
16465781
16750826
16919129
17063886
17057718
16920111
16465229
16250210
16118189
16277668
16316250
16449312
16346662
16230936
16423828
16211620
16121159
16007450
17815752
15982753
16089062
16004903
16032692
16018557
15994775
15974092
15976793
15970631
15972763
16050973
16879005
16014845
16169291
16078752
16072212
16122725
16123728
16048954
16091070
16101818
16028133
16121997
16077488
16069463
16153582
17091180
16688132
16454800
16373017
16455347
16598727
16653668
16578666
16353890
16769017
16420461
16547682
16322330
16537962
16504147
16309161
16628905
16372375
16587626
16620716
16518151
16373787
16616503
16603172
16230341
16301522
16268968
16198752
16655319
16399136
16543164
16450561
16848850
16655819
16699374
16405708
16818975
16541019
16587170
16739474
16623055
16551846
16653193
16752428
16806961
16764579
16652185
17003577
16870761
17476855
17736534
16334139
16390170
16442187
16362301
16334001
16383403
16398066
16363114
16419830
16412670
16486106
16379399
16479087
18665725
19481094
16553593
16510951
16516470
16494753
16700485
18499848
16523330
16457571
16775405
16451914
16524773
16485931
16439368
16490891
16855653
16562740
16489640
16520917
16545400
16599927
16640226
16617193
16657488
16657757
16677086
16640886
16608645
16559332
17489290
16970332
16805290
16671509
16773256
16866563
16730344
16789016
29008090
25773736
24152291
21362594
21568712
22226109
20647037
22183480
23576392
21719507
23953950
19254525
18468702
16907224
16744481
16609271
17826089
17884252
17821116
17939325
17890424
17613834
16932496
16812708
16974643
16761080
16763969
16722914
16711796
16729123
17219479
16878546
16803941
16753926
16766774
16885977
16979173
17068556
18383009
19465659
18720315
18122774
17871640
17794192
17512041
17117233
17327922
17524256
16991365
17168560
16975990
16847113
16812673
16794867
16788500
16912055
16902529
16946341
16872498
17080944
17021983
17346710
17020071
17340071
17701690
17314676
17140394
18522994
23412017
21927488
19835939
18782120
17979689
17510200
17056236
17141860
17281572
17068057
18365450
17181587
17238835
17589819
17329061
16969563
17009151
17028744
17049310
19954881
35535994
43421644
41550542
40620412
33396420
33830138
22480671
22417068
20223794
17777178
17048583
17216389
17220332
17150411
17255640
17198597
17129702
17169715
17332063
17099553
17593606
17189149
17148038
17168526
17599653
17905650
17978354
20063549
22288503
21807105
21820489
19998334
18031502
18105822
18425738
18379451
17264256
17357414
17347808
17314433
17382878
17381717
18527208
18203408
19662166
19089622
19823789
18430029
17857769
18809101
17782279
17835977
18235267
17935879
17896819
18918601
18834681
18483735
19165376
20515031
21687364
21577529
22101901
23405875
21532901
22068226
23320816
23289160
24347165
23939640
23536567
24399366
23486142
22917059
20435611
19642739
18032555
18082993
17420239
17378068
17373589
17345391
17679015
17504274
17428503
17372279
17620134
17519975
17463376
17480296
17500718
17576572
17995257
20850089
18511797
17612632
17495014
19412708
17618686
17539880
17494953
17533135
17588540
17554881
17600258
17513571
17532959
17594241
17791688
17489453
17571167
17565262
17654700
17669575
17468230
17553177
17581057
17481984
17514831
17523643
17598707
17595290
17513552
18350667
18374489
17725998
17985408
19810566
18620732
18165456
18655795
20434006
23169351
30489796
35445896
27120617
25812096
24342305
22127891
20311678
20592598
19755567
18418241
18464457
18687001
18194511
18688117
18291353
18415810
18435272
18704819
18493409
18477246
17802978
18426244
18093127
17897219
17857188
18168838
17904163
17880495
17871806
17908848
17959643
17857573
17878908
18009602
18071372
18613730
18648082
19457832
19700796
19895285
20383063
20669378
18887145
18064929
19515092
20150434
34523837
28905067
24521431
24539078
20375669
18215520
18030666
18002239
18922251
18022909
18093218
21020678
17951235
17978153
18057830
17969093
18027433
18243580
18461314
18074917
18028857
18079793
18050062
18128314
18151386
18063465
18150424
18150350
18141222
18121139
18166179
18178668
18084652
18155699
18214180
18365472
18571746
18250068
18311589
18390344
18382110
18287071
18264272
18390446
18350153
19486575
20264283
18721958
19001687
19257279
20424558
20132042
21607855
20130883
19592108
19500256
20228495
20502917
19859861
19006153
19170390
19627002
20247544
19419502
19262284
19181473
19337194
19340636
19815196
20068468
20317371
19811281
19541304
20065659
19765315
19391949
18481739
22466907
32501080
23336839
18854407
18813600
18586055
18398011
18412663
18526538
18452841
18450303
18440358
18431968
18566709
18357328
18453723
18449912
18456280
18847929
18668838
18548602
18516853
18522056
18477702
18714454
18410928
18410442
18481120
18515982
18389086
18534676
18476993
18568324
18444071
18491038
18455179
18383706
18527680
18541073
18505464
18457666
18625676
18510775
18624682
18584796
18649770
18580814
18632209
18492218
18624962
18642198
18670152
19240520
19010347
20312543
18988022
19634298
18939130
19657836
19012865
19303752
19429646
21298728
19684759
18637000
18578365
18598626
19034491
19800553
20328992
19978692
21607294
21114708
30913908
29417304
30533316
26621630
22988800
20731551
19276513
18804791
19505813
18892878
18772526
19272476
18857053
18908051
18719669
18855393
18809053
18851983
19059554
18831241
19109859
19062585
19123684
18943187
19124758
18746508
18963719
18861396
19301548
19132535
19341165
19252756
19711952
19724810
21742140
22600585
23749430
23664949
25551988
25375773
25895987
25172293
26505848
25561389
25511668
25222818
25878241
28777182
29992408
28279450
29047765
27711108
26307900
24972035
23747303
20655998
19910896
21848304
21841986
21561253
19671388
19939498
19251693
18936713
19376256
19135720
19044190
18994822
18962339
18972763
19028340
19128698
19420045
19109290
19154372
19135962
19112124
19253518
19315869
19321220
19370588
19237515
19420238
20798953
24059467
21416167
20178988
19692232
19628033
21999277
21702565
22541973
23096654
24966465
23212840
23466597
23930022
22322353
20694107
21484470
21959508
21041793
24019637
24728194
23341260
22040095
20389428
20393602
20383495
20478193
20265890
20018835
19941378
20444397
20637574
20685976
19693054
19496684
19632160
19635919
19582646
19702034
19305442
19633588
19343894
19347461
19354312
19373974
19391179
19320090
19376232
19429076
19367090
19508516
19344100
19392904
19426158
19585009
19517299
20899879
24978344
23213705
23553650
23799360
24755735
24180336
24201378
24132028
22231311
20009435
19619455
19633677
19617439
19609529
19553588
19817556
19542532
19421238
19539780
19736297
19494228
22761770
29129136
26395820
24622884
21519101
20721113
20099657
19694109
19625668
19772427
19618906
19724988
19611906
19621023
19663791
21847792
26107488
24785096
23062298
21673540
21087390
20072732
19788683
19759578
19891379
19810619
19944047
20324631
25721139
23947097
25740426
24989862
27008668
22527003
21824562
22738103
20734544
21668117
20405992
20976020
20948490
21076315
21858235
21217933
22364789
25397906
24584310
26809079
26560846
23333550
24196758
23733772
22811860
22752236
21726176
23019895
24419788
26386824
23130243
23232138
22558237
21369652
21023013
20628491
21006333
20917777
21035486
20312130
20538229
20718450
21286265
21400956
19925353
19890831
20911597
28304364
32837466
48603002
42802061
29401754
25249852
24061687
21581110
20147546
19912583
20304879
20790306
20336101
20312296
20623786
20401383
20355516
20362103
20578109
20130051
20268366
20312883
20544112
20318906
20150758
20369612
20504587
20330332
20332678
20358745
20290663
20372099
20317374
20387972
20449205
20382625
20361779
20357581
20428304
20447451
20445460
20418794
20422714
20556191
33283817
20415584
20193307
20202971
20194808
20956881
20111347
20516067
24216565
24769903
23596671
22231555
22470311
22269250
22218080
21794509
23069305
22843231
23404660
22336417
22599355
22452849
23010421
23437811
22827131
23672409
23981929
22381611
22423543
22440594
22004852
22282031
21952383
21529029
21732176
21508918
20514300
20447735
20337024
20344058
20385793
20287304
20442051
20395762
20269667
28797505
43691297
44398202
41298170
42382541
28010432
26150117
22165070
20147412
20329737
20246329
22961918
30806083
25360134
24169850
21126404
20475836
20328015
20321696
20375341
20255599
20258800
20315629
20457942
20357531
20353586
20343493
20386525
20354313
20388113
20348821
20283229
20354538
20372559
20377265
20434499
20396101
20368168
20396395
20414385
20941000
20501604
21408477
22494369
20534301
20514556
20472806
20565737
21049155
20521068
20559801
20584473
20565321
20548410
20544243
20510369
20543967
20546175
20566325
20564789
20609323
20584306
20561333
20604901
20611450
24072170
20791588
20783639
20559285
20570320
20565116
20737683
20603182
20585764
20692909
20618966
20619565
20645705
20620584
20594566
21013505
21415028
21076705
21333139
21652065
21527901
23657474
27524138
35858666
40935570
32015041
28549572
27643897
27574154
25895176
25966573
24804546
22905981
22683255
22557850
21816689
24283551
23550815
23223743
22574335
21834093
21252928
21237240
21205618
21695645
23053264
21169747
21187285
21172054
21179129
21194313
21208697
21322550
21199383
21193698
21216632
21144074
21196762
21143631
21279761
21284673
21257945
22287557
21536342
22042504
21836537
20922470
21430283
21730629
21030403
21389370
21189578
21240971
20968156
20924868
20909986
20898678
20889768
20894286
20921796
20933836
20936158
21011231
20937293
21012897
20859688
20922473
20851839
20907743
20842237
21331918
21154459
23316227
25816246
24768243
33348694
32438714
31765142
30013023
33341193
31316999
29152358
26131912
29705598
29656078
25028768
24256857
32712118
28222594
31339812
26719845
25029893
23602640
22242032
22382943
41724367
29839177
41941705
27092448
23170422
23073707
21754048
21802697
21649814
21793645
22012099
22174856
22415599
21763107
21594152
22549362
22414062
22743620
22676650
22176279
21860414
21865752
22861914
21765896
21675345
28598074
40024379
30883696
29194779
26768580
24544550
23910692
23769547
22358767
22035569
21456286
21374216
21521876
21428519
21389873
21415025
21410507
21372859
21311975
21287202
21562588
21500117
21280062
21897832
23007841
24505409
24760260
25103619
25553128
26442877
25764272
26642525
23804270
35469175
38533460
30743010
28478574
27563604
22593879
21549306
21554793
21577076
21551434
21859597
21607460
21790287
21798687
21753002
21839580
21807521
21493779
22347038
21784774
22663917
22103963
21822461
21892894
22051322
21795890
21832292
21792139
21803603
21812964
21894769
21809997
21939634
21790937
21901857
22243271
22033398
21912645
21888191
22128318
23021717
22689925
30139451
29540076
30189426
29168895
27167245
26497058
24129530
22690233
21850709
22089586
22873391
22890332
26437634
28898121
26915243
34792962
28742685
30431376
31125862
28175097
24040711
21752307
21723864
21739646
21892046
22224819
23616576
23020382
21874886
22017425
31372549
28364197
23064161
24441731
27064492
29984517
33528687
33628782
27092402
28520329
25183115
23445115
25620535
41773185
52024275
52352393
52356551
33028911
33274689
36052079
35522205
33172617
31375671
30790848
32850225
29410495
28558679
27284579
29474568
29267482
27433637
28658049
27818273
26751021
27179727
29333313
28693020
28079923
27543219
25716219
23297647
22782460
22545590
22409195
22173702
22139163
22036442
22129891
23238096
25771426
29892030
26727844
23938250
23983642
23190934
22754156
23482399
23102335
22723145
26868478
28026461
25276956
23598997
23848315
22213075
22150946
23041097
22867468
22981027
22824824
23282166
22751259
22509267
22634024
22671775
22730913
23231761
23164090
23137527
23489478
23049110
22875662
22447734
22213952
22278749
22239537
22592639
23335253
26122502
27157337
28435544
32281162
33057331
30548433
30007023
29239480
28495629
27831568
26289203
27455613
29809676
30132867
27929800
24374137
25812269
29157271
27849174
25426017
25312985
23788559
23738368
22894263
24477375
24343033
24325279
23050726
24198404
30835293
30445806
30463610
28025287
25163893
24404630
23321663
23105237
23855941
23161613
23819835
25083727
23820466
23734665
22510034
23060860
22671120
22519110
22772610
22638691
22701136
22891779
24145101
23346514
23999034
22797194
23514650
23158022
22866856
23668325
24850129
27246252
25966095
26285600
24830123
24975769
24455542
24612506
25331304
23932225
24821835
23913907
23127229
23571344
22883292
24132194
23963986
23113830
24012498
23691234
24887531
24995366
25710353
24895997
25175686
24341839
24466037
24955747
26058629
24932198
25983244
24817052
26023667
27527474
24296096
22705889
22828680
22792688
22774949
22951746
22741462
22744534
22696338
22689984
22713789
22779876
22753017
22798312
22776776
22826712
23497486
23258083
23388511
23235902
23253668
23274571
23247180
23214425
23188427
23154743
23558027
23493324
23531692
23525476
25068781
26309791
25298940
26288710
24742122
24999171
24349100
24865443
24066515
24694000
24022509
26922828
25735387
25629121
30100125
24361118
25231289
25768495
30965305
25529345
26520630
27373012
51323202
57627734
59497580
57253209
54179870
50270350
50549620
56390527
44274534
54857976
43603465
38533787
30219353
28527188
27001966
24565170
25594680
31757762
35871112
35082471
33154243
37134000
38507542
32878795
28370600
30117126
35101044
25171683
23193220
23473513
23467460
23677389
23735445
25877599
25490723
24383903
27615875
31747025
32716721
37008107
32536404
31661277
29982149
37095401
29526809
25348968
23386907
23901132
27555703
36042251
35335944
28765761
24259455
24123733
23686609
23830093
25139655
30975204
23784870
23635038
24395926
25651605
29630558
32653228
32513550
44043864
35559337
32625133
45234412
31526767
31699254
27346485
24156941
23821150
23714960
24281344
24144444
24359055
24069037
23892024
24063533
23932432
24013705
23819979
24117086
24991797
24119743
25558416
24128144
25300709
23856078
23930282
23600934
23775143
23626457
23638659
30651453
35846084
32576064
31120870
30389577
29915041
29121471
28617233
31000284
27806925
25756214
24388299
23941176
23639316
23668470
23623872
23686697
23676124
23995607
23858150
23775050
23843113
23776718
23781356
24028274
24015460
24056661
24008284
28014759
24303917
24253520
24859506
24814267
23820838
24063561
23954637
23787717
23850690
23949125
24047909
24124158
24097114
24036624
23951710
23901636
23955955
24909634
24445093
24068824
23989798
24088544
24005693
23854073
23944486
23975272
23949261
23956874
24001165
24095295
24000670
24065293
23925053
24038229
24007617
24086805
24034767
24034693
23976253
23932663
24764385
24140899
24081037
24733692
24250074
24022551
23969111
23993274
24128770
23998281
24076699
24155655
24024980
24112012
23984700
23961745
23997007
24040245
24107334
24143105
24210095
24210395
24248102
24283035
24231942
24256024
24258225
24266136
24356889
24326208
24253888
24179742
24213918
24228590
24380622
24236727
24226385
24213239
24259046
24255668
24351732
24650929
24317011
24296190
24299213
24330329
24291018
24319182
24331009
24422609
24329558
24316336
30928316
45949989
35322312
24497468
24415642
24553646
24360852
24399659
24400260
24313910
24491129
24408120
24509186
24435029
24413175
24634089
24422217
24522588
24533264
24494830
24477070
24483905
24461336
24614359
25135668
26901011
28517304
25022774
25729139
26865064
24724656
24568136
24631264
24498439
24454010
24514803
25052458
25688121
24747798
24681173
24807683
24757464
24598857
24597429
24623161
24686514
24605936
24707267
24657800
24797003
24692917
24716998
24657741
24733309
24643121
26758212
24849868
24879799
24764905
24860431
24740011
24780002
24820894
24783815
24828009
24842328
24733463
24806345
25786939
26629997
24734747
24851688
24915233
24951336
24875955
24885604
24847406
24902179
24852296
24947756
24831027
24916772
24851464
24944222
24886533
24941572
24866683
24998734
24968013
24939169
24916777
24989481
24933294
24954082
24981721
24963258
24954051
25041004
24960615
24982334
25043947
25009445
24945079
24992558
24983538
24930328
25003912
25004693
25065372
25352505
25022659
24955751
25055547
24891714
24880961
25069949
24962345
24953752
25007156
24971279
25078790
24986749
25055976
25040062
25069049
25028677
25215079
25149489
25131376
25154956
25116340
25134798
25221513
25131041
25143277
25217425
25192397
25218479
25182504
25177982
25214224
25178049
25202576
25330855
25185574
25156313
25168510
25156289
25392578
25297757
25248191
25337572
25273843
25296398
25291788
25240069
25218204
25178928
25337705
25254977
25834091
25569370
25359314
25447924
25417270
25490580
25267726
25705703
25646491
25452276
25517666
25386994
25570157
25415985
25492134
25465369
25502011
25448161
25505195
25426720
25541111
25522134
25474373
25415242
25483422
25596057
25514638
25607658
28146802
26660096
25551327
25925849
25970505
25647057
25688164
25642899
25723431
25672783
25716878
25703371
25727941
25681945
25836098
25765853
25667191
25709843
25728891
25597461
25686968
25709883
25658622
25696121
25673332
25760984
25651669
25667112
25634281
25640356
25677904
25612189
25763139
25689456
25661845
25690738
27296314
25571437
25855608
27771168
25593967
25614564
25698137
26062615
26023429
25925092
25962873
25897014
25882414
25941107
25832536
25875014
25855043
25897410
25795988
25859678
25966715
25974790
25921836
25946940
25922543
25943567
25882951
25992905
26135670
25990382
26064944
25937209
25943218
26057989
26028823
26017420
26293855
26000095
26053200
26337230
26105264
26564062
26205434
25970804
26019405
26038496
26779982
26068276
26021759
26130251
26177574
26104275
26050460
26231540
26103610
26311940
26353748
26188580
26384467
26317760
27846943
26260232
26300219
26363969
26403417
26452717
26497457
26410795
26426843
26406301
26494266
26359400
26544077
26485476
26684155
26664213
26548339
27851088
26507511
26652271
26442255
26366969
26460160
27435402
26675021
26306595
26351262
26322080
26390723
26276959
26317003
26303712
26361772
26367883
26477855
26548844
26541080
26548465
26406704
26481809
26505839
26670911
26550165
26548199
26682810
26679718
27057072
26591684
26467804
26534887
26547039
27964687
26589440
26584414
26592198
26554954
27371831
34994769
26961787
26383827
26285187
26272881
26260428
26257908
26362100
26465837
26318543
26293086
26311964
26328295
26333624
26335506
26415133
26351813
26363744
26388506
26370177
26399083
26373162
26384501
26451026
26374469
26407999
26430198
26429194
26405949
26594028
26820703
26902315
26953756
28493704
28025244
29172002
30556570
28971422
27695098
26554248
27228132
26683372
26734531
27301826
26714623
26833084
26781634
26821764
26809314
26756575
26822540
26853549
26815040
26894346
26860195
26807521
26820119
26865200
26943352
26878874
26844519
26971931
26913133
26978877
26905777
26883057
26880191
26980044
26860705
26853116
26931496
27063850
26973370
27327750
27020073
26953769
26897938
27165766
26770753
26801967
26764548
27002302
27150538
26888244
26994380
26847265
26959821
26973408
30292267
27057397
27018393
27038168
26974426
26967962
26846408
26895264
27008253
26845618
26870021
26953315
26913049
26886597
26918247
27003227
26898619
26976793
26997331
26942593
26911951
26970457
27413142
27125723
26983015
26973515
27165319
27145230
27147677
27092319
27114175
27149921
27179466
27171119
27135262
27133572
27127683
27199042
27164781
27179573
27196183
27250944
27250712
27266455
27241359
27273119
27301256
27234096
27306302
27342306
27323559
27263072
27594675
27776969
27639193
28112383
27906487
27529768
27727631
28565657
34623394
30030972
32581345
32090175
30006652
30147062
30675672
28695117
28039770
28903373
31258017
30100613
27896589
30420175
29326576
28656007
28056257
28293220
27485802
28698857
27709223
29413560
31388653
30380986
30266939
29350017
29740496
29925225
28417223
27860428
28233626
28209117
27827837
30685227
27631316
27543579
27595171
27790153
27726363
30189602
27774192
27844594
27967738
28091914
27858120
27783876
28487425
28502686
28415735
27906265
27940205
27794195
27804652
27787863
27658987
27591827
27612221
27625015
27826266
27881265
27781162
27779156
27794183
27731821
27845305
27712491
27733845
27880727
27781127
31125755
28168796
27742835
27667780
27637127
27597389
27752561
27632632
27619744
27618348
27655847
27632140
27665929
27654291
27705413
27805102
27694464
27678896
27728665
27697638
27706128
27725218
27713180
27714417
27749297
27749046
27733116
27794347
27791804
27737498
27787091
27781446
27802359
27772038
27793239
27855042
28494774
28365132
28280653
28461552
28203609
28364695
28390122
28448160
28391698
28627522
28349526
28467549
28435382
28491891
28375589
28736167
28335069
28611119
28679590
28928122
28561601
28514912
28408385
28697402
28354919
28748823
28670611
28546903
28471207
28617083
28394745
28741020
28691567
28560148
28990473
40817323
28793187
28610315
28520121
28632179
28616593
28516400
28609194
28794810
29185949
28519750
28531090
28500696
28731082
28448433
28554014
28566147
28685960
28616339
28775582
28811041
28632811
28732222
28664803
28716387
28731995
28652108
28797487
28588187
28769483
28881508
28770599
28925984
28748645
31302276
28839491
28731873
28792070
28792178
28749142
28843057
28815079
28698675
28661287
28774100
28745996
28734283
28649678
28860082
28789781
28722854
28998844
28851866
28836988
28812290
28840905
29666281
28937371
28898822
28982512
28915146
28819802
28797452
28981995
28975110
28980474
28827354
28835795
29019351
29286594
29378700
29008991
28997499
28835880
28864152
29045648
29024040
28877611
28994970
28929761
28970691
28965681
29036474
29280329
28887285
28857337
28896458
28895764
29077212
28924742
28933357
28908025
28937043
28925989
28898625
28929632
28886100
28964252
28998149
29027225
28948486
29271876
29130544
29542704
29423787
29573118
29332078
29291672
29260613
29310153
29184658
29176827
29068089
29177641
29143751
29099982
29081031
29115729
29123871
29141818
29062850
28944582
28999502
28964545
28944080
29020407
28952080
28963841
28956578
28968303
28983017
29089265
29004818
29017691
29025008
29075768
29120827
29514162
29386390
29216502
29179753
29215363
29213885
29220278
29259630
29418576
29352416
29342602
29348291
29385543
29336341
29485625
29345308
29459493
29457963
29395408
29479917
29198252
29117119
29107004
29126080
29247627
29112656
29219265
29244090
29267759
29321974
29363213
29274905
29356270
29382651
29643626
29865050
30222808
29811157
29876796
29700656
29736975
29742958
29691271
29747583
30088548
30922164
29852199
29865779
33160761
29735018
29967843
29770756
29470968
29528257
29561810
29845221
29647313
29905284
29687984
29599438
29536218
29536246
30579223
33227450
29620746
29486418
30746352
41624881
39159010
39620322
37735336
36787655
36538964
34790983
31530527
30101985
30077811
30067712
29993503
30233814
30227124
31312603
34081067
35346068
36912218
38351776
38337822
36513359
37266516
36559969
34683845
34547467
37835193
36716698
30060334
33904849
37757965
33238255
30702667
30419589
30180995
30023059
30103174
30425735
30264082
30184999
30229571
30278635
30630604
30971569
31683336
30249902
30220949
30096839
30205172
30029863
30083114
30009622
30005284
31712001
30439265
30683123
31002001
30717410
32349349
30929586
30266558
30335092
30418111
31553406
31765399
31004089
30622437
30911251
31130869
31073769
31254556
30877485
31232472
31101830
31087317
30576862
30532300
31629995
30692092
31171994
31170185
31233290
31037432
31081951
31065726
30862339
30212954
30996645
31688281
31124806
30418402
31267271
30993104
34531638
30704679
31947952
34005419
31207026
33886598
31132656
31021128
31206934
30978558
30344976
30335380
30343439
30500982
30662191
30459070
30680551
30577690
30417220
30448661
30415385
30460881
30457752
30687553
30443699
30450023
30459607
30469073
30450058
30500368
30451467
30643807
30445707
30592045
30786666
30607481
32178260
30684308
30747238
30733792
30644296
30720440
30732988
31370228
32568905
35998889
38119301
38897378
37377142
37681523
36284303
34213321
36220923
35612732
33845905
33510591
32583434
32518733
31534579
31193679
31614188
31514301
31489277
31585258
32569761
38485823
35045587
32461520
31353832
32389031
32468336
31565005
31560619
31563487
31405925
31714557
31387709
31213563
31358262
31156661
31201863
31184302
31265933
32556585
31781877
35479952
32374146
32392478
32323045
31600611
30917952
31351817
31289393
30707663
30733785
30727035
32283484
31204963
30730590
31060299
32802612
30934929
30762976
32325167
32652537
30932144
32620995
32426905
34993781
31763179
32216492
31298957
31350654
32199446
31451258
31482439
31452020
31494321
31448301
31197681
31604125
31951205
33633381
33724699
39623322
42606532
42247773
38347200
34244637
34246633
33693825
34616396
36064785
40962306
34481829
32007977
31558781
32020965
31749600
31828874
31859437
31785952
31498957
31715141
32388137
32821806
31826867
33129310
33153893
32224500
32374904
32825603
31929870
32402684
32298767
33579039
32236306
35084482
36029558
35208887
35610884
37159499
38356757
38582560
35515749
34509089
33862773
32865403
32655497
32494670
31350760
31725274
32930733
33060193
32879390
33060017
32644957
32050570
32627677
32652081
32594851
32167650
31657394
31321073
31393212
31630182
34716626
31772720
31774622
32128200
31953210
31538892
31397363
31559431
31379463
31555912
31359076
31487861
31462338
31422523
31455041
33187932
31971296
33312255
33058976
34353595
32191629
32069870
32215706
32343537
35910898
35273500
34437907
37119760
35904751
35184730
39351685
40951143
38091798
38973881
37918542
34246226
34373268
34996809
37493506
33083392
34307353
33538264
33047668
34466825
32812769
45271010
55411943
52179692
46730762
42605214
43221465
43673004
41971648
41253422
33613615
34848363
39899965
39379241
37414703
39335543
46166159
39661947
40074503
39397777
38624726
41045187
40381101
38695505
40842475
49608398
58881139
44768779
43157154
44959795
44028288
50185546
48222861
48028759
46305241
53123861
55098040
51762279
54059617
46856101
45530422
71217540
57630219
51157932
43296704
43515847
46848079
42976212
42113039
41539001
42842549
41571634
41246279
41805134
42023017
41735789
56152955
44813523
43614986
41806617
42595960
43230699
42254714
43021415
41150503
40356479
42944072
42989055
42727876
42353257
42231390
41936467
42651243
43468513
41758476
40968338
43562660
42000295
41262905
43102628
42969372
45829512
45574130
55803982
53739075
45612826
43091905
41024036
41113089
38450592
36987469
39142057
41754125
43298321
44719316
48130903
45852132
45110574
39138364
37581439
41795591
34768386
39156631
44638674
40328448
35051230
37153398
35105553
32830674
33524919
33457706
33023696
33391655
32945364
32744534
32470778
32481007
32389551
35155259
33084141
32776591
32664600
32681844
32619039
32706027
36410709
53039059
33459718
50658224
44356928
43960043
55847451
39379105
33618729
32511552
32668469
33128143
32597003
33225572
33616194
38361229
37466250
40170822
34353276
33625203
32762340
32977031
33037407
32724172
33173201
32951466
32802098
34076787
36671948
39705672
41747431
39528102
34086800
50477278
58419884
38995951
32968657
32873519
33145251
33151775
33384737
34229336
33892581
34234294
43410916
33365090
33497244
36873742
33915209
33054889
33492938
33391710
33702424
35238505
34064112
35368111
36263397
34881401
35788482
38393821
35188867
34852774
37079136
33321659
34349976
34534937
33808543
34341780
36861679
36227198
36447435
36064020
36107312
35654980
35877931
35110269
36079042
35762471
35231983
36627421
35571651
34953843
33675602
33110054
33082180
33069158
33066298
33093008
33115897
34159034
33375812
33487720
33981297
33232363
33265212
33215814
33262703
34895044
33129466
33347117
33281073
33360925
33336060
33050057
33114400
33052866
33157438
33126126
33003164
33123838
33046994
33020565
33016663
33055353
33070157
33278397
33072651
33068182
33095725
34532657
33180541
33140972
33255882
33190953
33106434
33112926
34926132
33127965
36175453
33226270
33211141
33279227
33263474
33575808
33385181
33489559
33445236
33539737
33405776
33564321
33434822
33452234
33496791
33542037
33503096
33535252
33680002
33979036
33835553
37008015
33642221
33795210
33922150
33681869
33814737
33659796
33749635
33810906
34048534
33996989
34294822
34322708
35595281
39274719
42302267
41090508
42825356
54479306
43787118
42048644
36820153
35557048
34498134
34973329
34937024
38365234
57415596
58857817
52043345
44296158
39316695
34846397
35326111
35014921
35025710
35142801
35060291
35319447
34774440
34939916
34893526
34764460
35324714
34671658
34930096
35314759
35364576
35467520
35728134
35463214
34440211
34670102
37939671
34957801
33927888
33852522
34252323
34075731
33977967
34076231
34062162
34055229
34372129
33777801
33768648
33796844
33855711
33827216
33877768
33806496
33877536
33878239
33876475
33922471
34300019
34546418
36200445
36486719
37000584
36456247
37785684
41656815
49846911
41174466
50597942
46909776
46811756
44177166
39698760
38674160
37671980
39773370
41399804
37040616
37354861
37784887
45593912
45684788
37224962
44998574
39843485
35016817
37119825
34802414
35189411
34808372
36304804
36510335
35622642
