657
1500
1777
1578
1870
2145
2398
2800
3155
3964
4538
5100
5818
6530
7333
8227
9189
14596
11149
12484
13500
14778
18041
17508
18934
21682
21862
23481
26572
26534
39825
30058
33750
34034
37117
39365
40235
44644
45836
47725
49937
50762
61810
57818
59369
62184
64610
68674
70230
73149
75724
86948
81837
85353
87368
91490
93706
97935
101221
103788
108755
112563
114594
118150
133920
125956
130342
132962
136403
141614
159211
160381
162767
165841
51030
54692
68793
64301
64588
62433
54498
34407
34097
34771
49608
36368
40855
55224
40610
49185
47738
41328
43420
43214
44943
44876
46922
67696
47800
49771
49515
51890
69178
52509
54787
56190
56913
56470
59033
59775
59669
61791
62610
64256
65164
64898
67148
68184
75837
70638
71865
74005
74493
75313
76457
77713
89343
80605
81178
82928
84449
84910
86196
87698
95160
90239
91076
92909
94050
95333
97265
97743
106464
100498
102157
103807
104478
105936
218946
175733
167619
167338
166401
176926
168135
167646
170336
168901
178309
169804
170733
190848
171883
173740
173391
173382
175565
217012
177528
176760
176945
202625
179488
231233
183291
195939
182099
206725
168214
119497
132996
118570
118823
119824
120365
120503
132405
131339
123045
123455
124304
125026
143112
127832
126815
127219
128123
129409
140833
130177
130949
131529
132534
132772
143292
133612
133713
134466
135222
135861
147429
138391
173093
140271
159909
153056
141892
142168
142498
143649
144190
152692
145798
147724
165884
150278
158557
151433
151444
152255
152865
153594
163565
155798
156646
157170
157567
174476
159774
160646
160886
161995
170801
163731
186843
168553
39712
39169
37842
37765
37444
37176
37178
37481
37833
38322
38836
39501
39233
39290
39293
39658
39847
40216
40508
40871
41266
41414
41628
42061
42138
42693
42924
43431
43540
51215
44394
44443
44713
45043
45437
45789
46271
46275
46656
46984
47395
47715
47898
60025
49143
48864
49165
49813
49834
51118
50692
50942
51201
54782
51933
52367
52582
73799
53285
53543
53849
54350
54668
54987
55583
55748
56381
56310
56510
66843
57214
57824
57833
58376
58722
59037
59512
59905
60170
61808
60940
69913
61504
74661
62152
62621
63319
63298
63862
64354
64758
64755
65127
80280
80282
61379
61585
62003
62384
62632
62943
63379
64533
64049
64553
64888
92873
71040
71303
71611
72060
72526
72906
73110
73563
73934
74304
97539
69408
69668
70138
70418
72319
71174
71455
72016
72117
72656
72980
80879
73867
74205
74559
74981
75390
75794
76194
76847
77062
85110
77700
78119
78497
78813
79198
79674
80049
80597
80924
81404
88159
82395
82675
83268
83327
83765
84157
84644
86032
85453
85862
91964
86709
87078
88268
88115
88476
101478
89050
89568
89655
90422
91975
91102
91889
92140
92524
93404
93357
94352
102114
95102
95988
95852
95948
96475
96642
96770
97627
104970
98536
98724
99550
99596
100430
100720
101174
118395
113727
102268
102543
107982
110895
103849
104488
106156
105291
116560
106833
106648
107383
107696
108134
108434
108898
109391
120356
110444
111319
111308
111896
112188
113132
113234
129933
114482
114882
115077
115440
116185
116273
116930
128069
118118
118538
118808
119232
121300
120268
120597
133827
122320
122293
142135
129486
125390
125702
137969
125124
125601
127888
126285
129179
137454
127933
160237
119766
120380
120860
121419
122088
122607
122594
159048
132837
133477
134419
134855
134892
147066
136110
136540
137007
137626
138452
138477
150351
139456
139761
148196
147926
141759
142265
154413
142858
143713
143960
144591
170551
152973
148285
149210
163328
148039
158270
198951
149874
150067
150754
151024
152106
152512
186508
142264
142438
143633
143903
144055
155447
145051
148358
146144
146608
147684
193337
171174
172998
160935
170632
162576
174990
163864
163847
164094
164944
165546
186712
154666
154804
155403
156405
156870
174768
158442
158730
159603
160109
159672
170864
161371
161364
162008
162393
162741
172660
178392
166317
166864
167303
181364
166539
167995
167850
168751
169107
212648
170273
171166
171280
171332
172332
191414
173030
188278
174417
174620
185976
175705
176207
177581
177209
178730
191600
179176
180063
188671
182800
221649
196603
197223
198168
197650
230786
185584
185969
186004
187458
196043
188931
188539
188545
189294
212094
190427
191559
191709
193617
223469
245245
345740
347897
280081
197081
197301
230307
241747
213539
268725
272191
216299
338737
350574
334533
220228
219541
238053
220607
220350
220959
221704
248364
207160
207462
210053
220505
209319
210313
211678
211271
244459
228945
229562
231013
263210
215764
215967
216328
234739
218508
218242
218562
218899
226019
220441
222123
222076
246587
370098
433453
348199
429181
443176
246269
245216
245660
263205
248536
246522
248325
272814
231593
232057
232872
288960
252217
324172
268499
254434
255736
255254
274734
237953
277330
239603
256937
240946
242295
241704
257764
243170
243929
245541
260082
246357
246334
247770
259252
249879
249463
260869
250453
252412
252583
288048
274917
274352
273667
288085
276843
277516
289618
277354
278027
279261
292308
260861
261962
261613
301083
283721
283797
294391
288438
266987
275518
273249
268056
269324
290737
252806
252467
253226
267847
254633
256520
261619
296161
275556
276348
282199
277127
278426
290663
281216
282314
280606
323883
303529
304330
313949
284038
284746
290517
286157
287047
288582
294190
289438
289928
296452
291696
291783
293534
297447
293846
295013
299562
296959
298068
301909
298231
298737
299630
304962
301155
301900
349843
303549
304167
326405
312635
453442
524126
587579
551577
492723
408287
312764
378893
464741
374149
315644
315408
338099
294703
295444
304068
336880
319835
331718
298551
299978
300452
351957
323011
323647
343485
325168
325834
337011
331335
330910
333756
330555
334817
332365
332724
339562
334251
334353
340268
335590
336709
341198
338352
338711
343994
340302
342622
348592
342553
344131
348334
344640
345862
351242
347520
348327
347356
326946
326886
331763
329260
329563
371688
353838
359187
356227
356630
361867
362685
393523
372509
337972
337788
342483
338965
364284
364491
376802
375097
367990
377346
368314
386555
385609
346776
346918
358593
326520
327208
367576
330010
329538
354209
331591
334166
346870
332840
343393
333119
315709
316112
325649
317478
317850
327123
319565
327257
345874
321947
323512
347364
343527
368339
324659
325032
336347
326947
340664
359543
349757
351408
358862
352212
352990
365201
353688
355304
372587
335193
392973
358649
359228
379204
338852
346556
348188
343079
355853
353993
342294
343245
352548
344552
351952
346762
346560
359108
349628
349212
356857
362186
461325
440697
353871
366694
354815
354794
368326
358589
356778
369542
373268
378835
359623
360488
366773
376304
362207
374577
364030
371798
367764
368358
376821
367473
367785
378878
369527
387481
371455
371608
383311
373213
520016
464895
405575
391885
385887
383843
378976
378749
380122
391596
472021
406631
425790
393951
384436
392510
385502
391047
386820
387549
392766
389818
393274
390884
392398
396670
393339
399067
394957
403527
406062
396460
405465
399803
399001
403788
433028
427192
402705
402899
411581
403961
412576
420288
409362
416027
410830
417445
409734
420879
410693
412065
419473
420246
442274
428913
425247
418046
417160
427475
419521
427278
433688
432216
422286
423629
437029
424052
435538
565632
601934
478727
592773
478711
458193
470022
454923
432430
440251
433276
446031
438849
476429
436697
445624
442922
440327
444594
498064
504763
470647
494946
443813
455934
445530
455501
446836
458071
448061
456432
470534
462652
499656
481460
484984
453944
458116
488846
527960
486602
489637
458803
465028
460730
472562
462313
472237
464239
472164
465516
471265
467052
468662
489642
469695
476635
473596
536642
472891
481572
474846
479719
476484
480018
477277
482320
479200
483356
481210
484459
481894
491200
483855
489416
485352
491371
520723
495686
489022
499097
490356
496003
492165
496365
493787
498143
495389
501494
497699
501101
499943
502685
500898
504853
502536
510142
503727
509007
507399
511175
507197
511696
509105
514506
511052
514995
512341
517176
513898
519515
519087
516892
521261
518723
523247
520324
524530
522963
562361
524683
533672
496298
531558
499593
552297
529821
537826
540957
531716
543099
534359
540979
535573
544655
539746
544392
539101
545943
540298
554984
568557
513397
517259
514584
523225
515559
520574
518529
562953
550538
554186
555540
552542
577738
523865
527773
525538
564461
527019
652928
568884
563290
570226
562425
567114
564549
563726
541402
537455
561655
568728
575879
539286
543328
539947
545368
545281
542975
547050
545303
549260
546127
550609
547639
558098
552541
554937
557109
552498
557024
553828
558045
556218
565510
561965
587350
565026
560251
596318
562456
568641
571929
564457
568865
566077
598907
567835
628162
624998
571243
584457
572549
581327
580693
575309
584593
576649
589415
585386
579195
585936
581305
590432
595338
584018
591254
585586
593180
587845
594969
597696
617831
641275
652891
592606
597089
593773
598756
599073
596519
600649
598349
605036
607373
604469
611100
602814
607359
608516
605633
610317
607457
611179
612441
609737
615946
615663
612790
619305
614494
621118
621509
618339
621537
625169
646886
659371
663252
637414
627843
640618
631417
630498
627485
631996
636089
630183
636741
644700
634131
637806
642108
645023
644935
639618
642551
643069
654013
645537
645949
642384
647442
648673
647053
695418
706994
657582
659757
712767
691143
679019
659898
655017
724417
701831
715532
697382
702164
704192
702286
704189
716173
706103
703416
710217
713483
707572
711137
729020
714066
712797
728476
721433
716746
726434
726115
723703
721856
728697
765992
727219
722616
741600
727799
732388
726421
731069
730795
747347
743119
737564
734677
736079
717227
699641
716792
739746
749031
731347
744519
743032
739201
755818
755537
748965
754935
753899
735001
777792
757085
755854
772269
769358
758347
762925
774168
791677
1107980
792296
762009
792355
771105
771995
764855
789723
778354
774086
796315
773396
781583
779848
787198
774041
781681
813369
788140
790218
779743
802125
786321
803104
789431
802250
800797
794496
794618
798595
790293
794946
794863
797857
812565
803085
800001
803011
804593
803812
813085
812629
810445
810260
844310
809676
808286
837794
820096
813890
814929
816692
813248
818697
819092
822226
828183
823319
823059
828796
850470
827829
847166
825002
833709
835492
836240
840967
837599
864683
832536
848678
839391
865478
840943
847025
860087
839414
845936
846338
847869
847774
848381
859257
876413
874396
859671
867414
858518
863201
876480
854861
865092
848411
893089
878459
905314
887307
869603
871976
866279
875840
871517
867714
825575
826280
843326
824507
833974
832260
862578
840809
838125
834783
901016
900254
910914
894145
925440
894990
1042309
904251
913062
896345
910142
892319
897826
898866
914808
908699
890230
853236
877236
923589
872573
944805
917312
928617
915885
892423
872723
873908
884069
903386
931421
926998
939237
868205
881457
876381
890270
889728
881547
882448
890136
909704
877689
899099
886571
886190
888961
888237
896421
891811
895155
887296
922364
961484
954047
965251
963899
957855
957748
953759
945648
899781
901346
902421
905786
905537
926052
903599
911180
927519
917356
915465
915359
917811
931292
946667
919640
919160
934468
927126
931633
921134
939792
931776
953144
937096
928778
930215
929705
950005
933580
945534
942953
938562
944031
944592
941923
970337
1012914
962319
956661
971549
950880
954500
956543
954836
954979
953816
1076591
964398
957276
1013211
961943
975284
965869
963858
964133
968952
970460
1001210
967274
968412
989419
970105
970613
979540
985451
979101
977227
981138
979987
979413
992367
996949
985614
987553
992154
988003
1021018
990667
1019468
997235
999149
992800
1006893
994490
996579
996401
998063
999380
998874
1002017
1016455
1011030
1019345
1006103
1023966
1016941
1013252
1015540
1014536
1016878
1051002
1021554
1017132
1039961
1019821
1034978
1023783
1023532
1022951
1032201
1031945
1035551
1032989
1045568
1034079
1033734
1033519
1052243
1041391
1048177
1041736
1071070
1039646
1055610
1043316
1043443
1048854
1046429
1058361
1055355
1074539
1056229
1063068
1069407
1069921
1059028
1066201
1063238
1068713
1063246
1078513
1095528
1064212
1078251
1075119
1092181
1076528
1081965
1110799
1072544
1072508
1077553
1080615
1091758
1080039
1078681
1099252
1092042
1090505
1092768
1114119
1087411
1091178
1109901
1091415
1097125
1097289
1116444
1095749
1095836
1101135
1098826
1116009
1103363
1107206
1109235
1108704
1108084
1111859
1134924
1112831
1117215
1124512
1137657
1115607
1117418
1120948
1116670
1119843
1119655
1122331
1133389
1147170
1127435
1145711
1162673
1136362
1134307
1171742
1137446
1151615
1156939
1140522
1139338
1151863
1150428
1141284
1140660
1145184
1145320
1170564
1179150
1155090
1151795
1156573
1156718
1186190
1161751
1168752
1176447
1171046
1161442
1165911
1164529
1168468
1171819
1208213
1175690
1175183
1178259
1176013
1177450
1178844
1182964
1188373
1208411
1182284
1184876
1184646
1215304
1202773
1185668
1186134
1199192
1198606
1189797
1205570
1193106
1193979
1197691
1212119
1203166
1215128
1226122
1210387
1221084
1206003
1223148
1208251
1208626
1215561
1209322
1247898
1235418
1216498
1231967
1220249
1225165
1228565
1222611
1254223
1232998
1251607
1224683
1239525
1230276
1241692
1229841
1249423
1232878
1240198
1248390
1239285
1236101
1264654
1243363
1243451
1270052
1247755
1261228
1247625
1254641
1262072
1250936
1252934
1254541
1255137
1255751
1288351
1269637
1269506
1265159
1268748
1272369
1294547
1266658
1329100
1289292
1282095
1282478
1294786
1272642
1281996
1280247
1292254
1290796
1301694
1299233
1285842
1288533
1328015
1288846
1409896
1310285
1290497
1296321
1314245
1298330
1313034
1300755
1297548
1319807
1305075
1302178
1302261
1304377
1308658
1339540
1321445
1327063
1334352
1342677
1325300
1320023
1321680
1325819
1332295
1341818
1333229
1342126
1327971
1336833
1333115
1371214
1329048
1348986
1338712
1336427
1353378
1345922
1340516
1369934
1353949
1346270
1343136
1350835
1345768
1345401
1389320
1351799
1378116
1366513
1356609
1361623
1356530
1363641
1361742
1360613
1383011
1366836
1380850
1375475
1391797
1392340
1406165
1407769
1399646
1386587
1391871
1389667
1390917
1387710
1387316
1395561
1398630
1390003
1394682
1408759
1395524
1432449
1393116
1414610
1400782
1396560
1410715
1404362
1410186
1407527
1418524
1448435
1408507
1424042
1409951
1420424
1442579
1416866
1440050
1417535
1445628
1419548
1436056
1430559
1433495
1440630
1425900
1524937
1435389
1438584
1456039
1535629
1432410
1440268
1435813
1439703
1438894
1442086
1439691
1441930
1446001
1445218
1449342
1448055
1450713
1449555
1486139
1452889
1456824
1455062
1459670
1465646
1460672
1468201
1463066
1466632
1524452
1583693
1473219
1487593
1504694
1482446
1478932
1482791
1482183
1481285
1479037
1499385
1486381
1485903
1518927
1509433
1493705
1498332
1520880
1513697
1564521
1505704
1502052
1501110
1499261
1503562
1500954
1576516
1511645
1514559
1510658
1509372
1544505
1511426
1580970
1521786
1519002
1521688
1521004
1519768
1528501
1581245
1529637
1541744
1534166
1555435
1560800
1540326
1643173
1549931
1547319
1541461
1540785
1543431
1544073
1608528
1568744
1562888
1557736
1591152
1577975
1624618
1560054
1573904
1562946
1558977
1567759
1566370
1629674
1563942
1608604
1578684
1572297
1608424
1573188
1644888
1578955
1576404
1579925
1579210
1583465
1584142
1646458
1587249
1584777
1591620
1593835
1633026
1665550
1595676
1593747
1597632
1595439
1605325
1604744
1664762
1609593
1603161
1608260
1608990
1639777
1678836
1627781
1617414
1616303
1615553
1620433
1634148
1687387
1625063
1631575
1626272
1703343
1655052
1697113
1645143
1642664
1651397
1704025
1643896
1637827
1707416
1642917
1646771
1651646
1692125
1653627
1738781
1657281
1666552
1714651
1680777
1678798
1723778
1671330
1664719
1663008
1667903
1713407
1673729
1743254
1681944
1673722
1675422
1683544
1679875
1780237
1684753
1683676
1682910
1688286
1694546
1756131
1691458
1691921
1695148
1693807
1698809
1759352
1705467
1703293
1705031
1703408
1705088
1707140
1778419
1733331
1714334
1710410
1730771
1715980
1777732
1717480
1721521
1724670
1728702
1728789
1790473
1725358
1731121
1731028
1733628
1728589
2047573
1883453
1748347
1753854
1758033
1742281
1840335
1750735
1748887
1816107
1748569
1759976
1830193
1761624
1761908
1762661
1893799
1883781
1846297
1955197
1775379
1787590
1788239
1771498
1771053
1770261
1826118
1783461
1793831
1789574
1779197
1805098
1793430
1797030
1793514
1786471
1791435
1788927
1795638
1793108
1800217
1808611
1804780
1811692
1808041
1804037
1802826
1811584
1806509
1812777
1812768
1845378
1818020
1820748
1826901
1829356
1826075
1831220
1852115
1826578
1827403
1830094
1833368
1862673
1829031
1836321
1836309
1836288
1881629
1851775
1838523
1849871
1844949
1847194
1875166
1891919
1858729
1865243
1857120
1856815
1859249
1863590
1860904
1864889
1865678
1863485
1896015
1877492
1875012
1872980
1878710
1876952
1911179
1884020
1897927
1892368
1893461
1923301
1894692
1892590
1894736
1920276
1894634
1900345
1892744
1898213
1904711
1899264
1917385
1922635
1904556
1908710
1910572
1911193
1912747
1954799
1988740
1927806
1922083
1954110
1923102
1997492
1965959
1933816
1937587
1945139
1988972
1948093
1958808
1942274
1974252
1937731
2013902
1965763
1945026
1946424
1946831
2056802
1950294
1953944
1958851
1988296
1989022
2037099
2327054
1976063
1979958
1974023
2041184
2005118
1977479
1986070
2011562
2046478
1975451
1977197
1978642
2003288
1996670
2039957
1992121
1994804
2040236
2008468
2062357
2060223
1996517
1997080
1997991
2068100
2001726
2002967
2006577
2065301
2069829
2025871
2015428
2016162
2012835
2028152
2101434
2023713
2021050
2057451
2028056
2100732
2036735
2073077
2059785
2042016
2105965
2075500
2044015
2116004
2070316
2133557
2047472
2044045
2051816
2048837
2120418
2064459
2064174
2093257
2096508
2137185
2066147
2067965
2071402
2069624
2097093
2071702
2070862
2073764
2101629
2082309
2091499
2078760
2104932
2086044
2084204
2087926
2089598
2090770
2113604
2125125
2125002
2103584
2096469
2104774
2102973
2104144
2105669
2140091
2143301
2114925
2115508
2116051
2117900
2151808
2124863
2127113
2129700
2124324
2162614
2126997
2128888
2167682
2131994
2154852
2134509
2133795
2143845
2139221
2181511
2149496
2148591
2167702
2152503
2151530
2150009
2158679
2162462
2156756
2188377
2159243
2162396
2160673
2166444
2166821
2167661
2172495
2209553
2185315
2222497
2191236
2180791
2184806
2186043
2192963
2183825
2186161
2188720
2191955
2228565
2194806
2193218
2195925
2222035
2204069
2200953
2206318
2209179
2241024
2209695
2207757
2212150
2213563
2218947
2223369
2217505
2561445
2233888
2272821
2239563
2237696
2250078
2261663
2265935
2243746
2235642
2266877
2280750
2243310
2248497
2251263
2250251
2248428
2275951
2251945
2262304
2282940
2257333
2259591
2260766
2310105
2263242
2267738
2268668
2278598
2269642
2312768
2278897
2277816
2281977
2278554
2284243
2283158
2287202
2286406
2313846
2299196
2294396
2296517
2293833
2302979
2302844
2300815
2304146
2304769
2343806
2548892
2343234
2315564
2312983
2379600
2333442
2317239
2362922
2359658
2437586
2324016
2337092
2344997
2393692
2330814
2335245
2342623
2368450
2403976
2345921
2344668
2349389
2414712
2354673
2352115
2366302
2374046
2431892
2367595
2367142
2381572
2429933
2374584
2370747
2395637
2374707
2442143
2375223
2372118
2377479
2446932
2388423
2389606
2412909
2386241
2452278
2393061
2392464
2394563
2459506
2396303
2399473
2434715
2463877
2413390
2417800
2410999
2412557
2475060
2416484
2413256
2450857
2487032
2420463
2420320
2421360
2431045
2490326
2482146
2434802
2473241
2498266
2439121
2436587
2441156
2543269
2447101
2449149
2480192
2446347
2517590
2451629
2453520
2463166
2524292
2500589
2467226
2503846
2540826
2487064
2522535
2554128
2486564
2519145
2475926
2546391
2477704
2489134
2482424
2552809
2488037
2489365
2530395
2571262
2508207
2518784
2508947
2574948
2506843
2526257
2556439
2700055
2879917
2652891
2740724
2666335
2666865
2674340
2628847
2534811
2524220
2535938
2527430
2533669
2609770
2534449
2542232
2579673
2607698
2538747
2550018
2543376
2612211
2555107
2555653
2591937
2661470
2560209
2560505
2569924
2631786
2559968
2564865
2614136
2664985
2582750
2573504
2574684
2651119
2577643
2582525
2614599
2703086
2598657
2591015
2592284
2595138
2651793
2604337
2596912
2631651
2665837
2604223
2607432
2607516
2668879
2610583
2615227
2645072
2681488
2615727
2623885
2626552
2686303
2691735
2641133
2665673
2701336
2633478
2633877
2675256
2709884
2643575
2653812
2682340
2714999
2684022
2655591
2655040
2721733
2712893
2912754
2904918
2743780
2668588
2665486
2857866
2730920
2682281
2690609
2744828
2679008
2689316
2709164
2743404
2690833
2690411
2732074
2766874
2715903
2696331
2724599
2768103
2708818
2749994
2734429
2779937
2717813
2707680
2711941
2810990
2713975
2716458
2744200
2795368
2767825
2749332
2720047
2791654
2732018
2763554
2832914
2730745
2739849
2736869
2804158
2744278
2780870
2783893
2813061
2749949
2747556
2756644
2844866
2757308
2758422
2802858
2915236
2801524
2768530
2777224
2848868
2785022
2826106
2906940
2780428
2778107
2786261
2853125
2822880
2797161
2819411
2853011
2799608
2795140
2829072
2869098
2802420
2833766
2875825
2841096
2814130
2807818
2875029
2813062
2818886
2881637
2910390
2828160
2843032
2830971
2922640
2858764
2921810
2906570
2850464
2846370
2867939
2908245
2844298
2843709
2884142
2947204
2853749
2858510
2917143
2877050
2891258
2890481
2933298
2892265
3244514
2935550
2987608
2876585
3065986
2963561
2909761
2921568
2941329
2995210
2897019
2924617
2926648
2958046
2892691
2895028
3007357
2917172
2933866
2936269
2986698
2911311
2938570
2998834
2923151
2918811
2954318
2989472
2965480
2922984
2924165
3050321
2945857
2991696
3010049
2946895
2945869
2937234
3009130
2978781
2988410
3022238
2951181
2951525
2998135
3019990
2959748
2988874
3036024
2992915
2964510
2969101
3036167
2973900
3001859
2981235
3043704
2981454
2987881
3046634
2989755
2991127
3029371
3105437
3000742
2995797
3071824
2997770
3006837
3047354
3076020
3006227
3015439
3071029
3010982
3012673
3046598
3080460
3023230
3023093
3090074
3029705
3026236
3057781
3102916
3036625
3037596
3105388
3068784
3052165
3078484
3108270
3057612
3047708
3115927
3060947
3070900
3071563
3507606
3084091
3074084
3083684
3156889
3118489
3083752
3074685
3074337
3083019
3087801
3080952
3155336
3087285
3089820
3091544
3105575
3104446
3099340
3129876
3101294
3105512
3101915
3109739
3201970
3120882
3152128
3135200
3124234
3119921
3119259
3126926
3169692
3183570
3133187
3136687
3144210
3136915
3135157
3176572
3149347
3146811
3152023
3153424
3151903
3158250
3183789
3186169
3198639
3178724
3161284
3179314
3247253
3215230
3195168
3171680
3180541
3211181
3187810
3181022
3221931
3186605
3212891
3189843
3191447
3192382
3230434
3230672
3206404
3219373
3206166
3446882
3239831
3264518
3223063
3249482
3248529
3276853
3223873
3297070
3235497
3267748
3321477
3234291
3242610
3241776
3350505
3237527
3246046
3255734
3251780
3287334
3287236
3252418
3254391
3301416
3259043
3375852
3274193
3305912
3296336
3271476
3267032
3282714
3328316
3336017
3300777
3288417
3344266
3300767
3359929
3296793
3329024
3298895
3322388
3321663
3301391
3306223
3352195
3353824
3307015
3316833
3310745
3317495
3362222
3333531
3323175
3317364
3348815
3327646
3324774
3359253
3340543
3404364
3355475
3366250
3353262
3444944
3400238
3361285
3384685
3353265
3397085
3362807
3399516
3363817
3367822
3397895
3369543
3402423
3413155
3401063
3376865
3378866
3385033
3409208
3478698
3389355
3384844
3384664
3396814
3419711
3434758
3404210
3400914
3424576
3410243
3411866
3406030
3483870
3445493
3429671
3444831
3419210
3467369
3470108
3427183
3428053
3440427
3457942
3441070
3466078
3439369
3800725
3466727
3448489
3479980
3507305
3590220
3455840
3463734
3531161
3502429
3501042
3557200
3466800
3475563
3562806
3540810
3514910
3559737
3519619
3480641
3551172
3490133
3542049
3582071
3493185
3495313
3612012
3526945
3546901
3598047
3504978
3543740
3581058
3516099
3540053
3601856
3549284
3538002
3596456
3525307
3583275
3593467
3539813
3569751
3641521
3556301
3573472
3616163
3565212
3580192
3617004
3551961
3593153
3646762
3565412
3585920
3672596
3672985
3613268
3640252
3582987
3604916
3657415
3592147
3608989
3666617
3590635
3606678
3658316
3588959
3635179
3702975
3601118
3609521
3601107
3681045
3652447
3604999
3614198
3642356
3608908
3623709
3658618
3651623
3640616
3653544
3627468
3664017
3689871
3638963
3662051
3640338
3672723
3678084
3643448
3649698
3686744
3659802
3814110
3710005
3697823
3662397
3669601
3693735
3692780
3769989
3671924
3708638
3689893
3703479
3683152
3729745
3707806
3718314
3692660
3697750
3733049
3729373
3697541
3697391
3701478
3758799
3736755
3717001
3714013
3758414
3734009
3721998
3753192
3733214
3745309
3806148
3792669
3790015
3767391
3737762
3739035
3746859
3779801
3801610
3756973
3750240
3781006
3753396
3762005
3813996
3804060
3766722
3785188
3769015
3832727
3809969
3781995
3784201
3807459
3799047
3848465
3794113
3789166
3825338
3796208
3874911
3814794
3837355
4088915
3852107
3827397
3901052
3828889
3819709
3943762
3988626
3849120
3850986
3863184
3850513
3826918
3869970
3871668
3865168
3844347
3839087
3836581
3900746
3854111
3853495
3851050
3884529
3857074
3885773
3858433
3898764
3865658
3880525
3898716
3903803
3890411
3879980
3944039
3913770
3917307
3887017
3891494
3945951
3893130
3929788
3914433
3934557
3901762
3902236
3910498
3964221
3906265
3913790
3919385
3989105
3962979
3925201
3926180
3960661
3949000
3930391
3971890
3965142
3936316
3940604
3946640
3996526
3981721
3951874
3949473
3992686
4121575
3964148
3999115
3982153
3964545
3965268
4039898
3972390
4088798
4002682
4024581
4026085
3994394
3987814
4018678
3996279
4024534
3991988
4030591
4000505
4003445
4043668
4058402
4010862
4013459
4139274
4052510
4058952
4018077
4021798
4058600
4030296
4065106
4076497
4038375
4034993
4041720
4085457
4042340
4047292
4080435
4073318
4053749
4085891
4055326
4087519
4094648
4062643
4117721
4098304
4071431
4071582
4076439
4131568
4087957
4086023
4116759
4098706
4132138
4106185
4129992
4094001
4236199
4142682
4152116
4109610
4105013
4114744
4180568
4125714
4154202
4132473
4149475
4122235
4172151
4158977
4130637
4135622
4136128
4194850
4145652
4144022
4490203
4231597
4229284
4181091
4178042
4186591
4167393
4202932
4201126
4169354
4179617
4177932
4259953
4181906
4179959
4185531
4227273
4223539
4188855
4213979
4198215
4201508
4233340
4240035
4207473
4221819
4209959
4276862
4207909
4233017
4249459
4222018
4257326
4229804
4258887
4229248
4275729
4275589
4268224
4234981
4257375
4300132
4286987
4312906
4276238
4285952
4268376
4289003
4267003
4293680
4266441
4277175
4312257
4271896
4274489
4283479
4328992
4322603
4281621
4322208
4314406
4296661
4330378
4329106
5570906
4487705
4303896
4367616
4312092
4309608
4344248
4347936
4351125
4320533
4348201
4333967
4327208
4401858
4331732
4432418
4336281
4370531
4416369
4343538
4343020
4381984
4412362
4357250
4443867
5118351
4391073
4446025
4373282
4400779
4390646
4420766
4431253
4391437
4624303
4609886
4409382
4453623
4442391
4403469
4437281
4467370
4403017
4416886
4440636
4453550
4448340
4489164
4425952
4453752
4419104
4454152
4486238
4444670
4439829
4447098
4505713
4430017
4493787
4483113
4462222
4479167
4739393
4498049
4487403
4499682
4505816
4489472
4461267
4531718
4518361
4482700
4475817
4493912
4851668
4526544
4566055
4515402
4505959
4544199
4516975
4495736
4522713
4542148
4550968
4624425
4544895
4540535
4512060
4555223
4555878
4512259
4521721
4563047
4529407
4533084
4526758
4626567
4577689
4558897
4610640
4541752
4552115
4594943
4578626
4552615
4559449
4635118
4608396
4582767
4565852
4631358
4608716
4576397
4604722
4576215
4583091
4640093
4597534
4609375
4612189
4665684
4605050
4593486
4628607
4597133
4652823
4640929
4646674
4613635
4615082
4669332
4621602
4621458
4654447
4665237
4628181
4633483
4650390
4629090
4707329
4694243
4682798
4662295
4703405
4654939
4654905
4676091
4701064
4694617
4711453
4699901
4668438
4705645
4710380
4672510
4678453
4683062
4715609
4737085
4700499
4699511
4690264
4732745
4703763
4693248
4704338
4742610
4744865
4704630
4713397
4740878
4721482
4717954
4724645
4724844
4755174
4730239
4739289
4734052
4763244
4748197
4759855
4745044
4754625
4786624
4756218
4764091
4759572
4762064
4803725
4777483
4774904
4771093
4810546
4780197
4809074
4784694
4813706
4797043
4788128
4788750
4794421
5222293
4885303
4804374
4803022
4840680
4812514
4811578
4850280
4860609
4817454
4827400
4827804
4831990
4866391
4842093
4939256
4837339
4876848
4846374
4849086
4852829
4879150
4903618
4853660
4864065
4864992
4921803
4902043
4866688
4898487
4945870
4876871
4885954
4902942
4888143
4936345
4951031
4902644
4897290
4963841
4908305
4904309
4981352
4926313
4934329
5155940
5004689
4954369
5049511
4946568
4984435
4952689
5002980
4950158
4938705
4966389
4974352
4940794
4968883
4949865
4953637
5032778
5082632
4964795
4995462
5009691
5035272
5030469
5039696
5028282
5093530
5022445
5044654
5071867
5036487
5034982
5101609
5055008
5047731
5025249
5078213
5018562
5071650
5075120
5069400
5052409
5080796
5062787
5070761
5239216
5064459
5032302
5064101
5034058
5040749
5068183
5046569
5047970
5114696
5051781
5052287
5130232
5061103
5109467
5111103
5067864
5076338
5130210
5075512
5153062
5153618
5148121
5100308
5120943
5116211
5137018
5144414
5094045
5093917
5153131
5162193
5155048
5199105
5144957
5189337
5237627
5207014
5181730
5229486
5193256
5180127
5198537
5192625
5166469
5254842
5163977
5192952
5196890
5215868
5192867
5242340
5183874
5181092
5207356
5185898
5214965
5195211
5236138
5204775
5220670
5209293
5234509
5215921
5254037
5217666
5247310
5224193
5373438
5236178
5262986
5222903
5268695
5239148
5271281
5235886
5296862
5248583
5375756
5354093
5288266
5365221
5301760
5305458
5333871
5259405
5308638
5348888
5312450
5311442
5377197
5320632
5324000
5331976
5333089
5332624
5368496
5331290
5338078
5367922
5354032
5339535
5401790
5343740
5365014
5365340
5365848
5373954
5383274
5333171
5396375
5376885
5371897
5385107
5397432
5395937
5437663
5367880
5394025
5421228
5391307
5425850
5439166
5400413
5412165
5412391
5430385
5422153
5435750
5387348
5427971
5433771
5407207
5372911
5441573
5415950
5432900
5404188
5396970
5469607
5430723
5471479
5464074
5472206
5663134
5507815
5418548
5471003
5713286
5429193
5437969
5509350
5459199
5470598
5578546
5446394
5463907
5469609
5485124
5512539
5460709
5492600
5523810
5523759
5487125
5527693
5508462
5553446
5524249
5515040
5540929
5533545
5512323
5544334
5547528
5535961
5598813
5524824
5552321
5534541
5537490
5551145
5586295
5521175
5554330
5616965
5550629
5622096
5556465
5600054
5608914
5555044
5583541
5614739
5565903
5575568
5575812
5623112
5574202
5642809
5592669
5644221
5598221
5578022
5656171
5593369
5595958
5656618
5647799
5633102
5625014
5651842
5667605
5607785
5623767
5640753
5661780
5617658
5644085
5663047
5646070
5660392
5672210
5660265
5719556
5636440
5694432
5693454
5665246
5691667
5654728
5712017
5864176
5690141
5725169
5713380
5675935
5721811
5728455
5706149
5704947
5761764
5772057
5729754
5697973
5776728
5803782
5732478
5806384
5764095
5873514
5954263
5783414
5789185
5702197
5713501
5763091
5780176
5710334
6019168
5803350
5812826
5765785
5818636
5812030
5802352
5804350
5802693
5849219
5814104
5830802
5819906
5782311
5759174
5805819
5870432
5832789
5861083
6020099
5924651
5859517
5871351
5862850
5862964
5824894
5886390
5896781
5839249
5872541
5867487
5903002
5839411
5921075
5868985
5904475
5877333
5856418
5904704
5906413
5914834
5858486
5895607
5865919
5912017
5881127
5875626
5891508
5867280
5930335
5874173
5910231
5882948
5921034
5883222
5955241
5932906
5896896
5928473
5915217
5942987
5909600
5942975
5909500
6199118
5907271
5954678
5922485
5949140
5957915
5950035
5972491
5963399
5960885
6014214
5973843
5955742
6028928
5973567
5979737
5985847
6056100
6045661
5969227
6017950
6043898
5992389
6045871
6027838
6029168
6057565
6043525
6031729
6008635
6259825
6162557
6056735
6102085
6059305
6115724
6096797
6114507
6105616
6033521
6016235
6020487
6025982
6027870
6026309
6035492
6034187
6040928
6039567
6042068
6046460
6048627
6044214
6053685
6064582
6059485
6094255
6103527
6066757
6069996
6070375
6077246
6069200
6080360
6087613
6087949
6091127
6094486
6095045
6094511
6100509
6115123
6100708
6162657
6110976
6124222
6119998
6127222
6122955
6127413
6134548
6135714
6145760
6141101
6151417
6146364
6154545
6149445
6161360
6153108
6164527
6163013
6166090
6170599
6174390
6169950
6181262
6179677
6183890
6180573
6188959
6194950
6214699
6630936
6234652
6245791
6210155
6655138
6222712
6221298
6218954
6224989
6226650
6225902
6218705
6234530
6232240
6241158
6238611
6249773
6242279
6247685
6246568
6434795
6293209
6272979
6263022
6264752
6284149
6276795
6270005
6279240
6277312
6282442
6283327
6289676
7261821
6361239
7477232
6387397
6295540
6332397
6335536
6307628
6313866
7133003
6356049
6345908
6387950
6358216
6387964
6357221
6565812
6411483
6382233
6394252
6364201
6587594
6414311
6609595
6603256
6798312
6633652
7595396
6590074
6390853
6571242
6600049
6387259
6593381
6412887
6624237
6601635
6983009
6787821
6432138
6436019
6584291
6614886
6506240
6537677
6667937
6435506
6625681
6612936
6437609
6637988
6454430
6803081
6505121
6631201
6455765
6645360
6628070
6459613
6665544
6509814
6648544
6661288
6468355
6660358
6669138
6659724
6484417
6684979
6653104
6491654
6703349
6496167
6673743
6714480
6528739
6708482
6704947
6678249
6529229
6754769
6700191
6564069
6771274
6545329
6718704
6750779
6551446
6728887
6749376
6723529
6566928
6749138
6734756
6573420
6779250
6568513
6747986
6782922
6619202
6757416
6781718
6775135
6618657
6820757
6773522
6605744
6805094
6770394
6613952
6799790
6616591
7003984
6653146
6804480
6632556
6823089
6806371
6640077
7188838
6830672
6656124
6846535
6824463
6849792
6662121
6866423
6863190
6682244
6850597
6874707
6678596
6867101
6683071
6879858
6857214
6883712
6776071
6786087
6893996
6702874
6897676
6913667
6716803
6886802
6905492
6726299
6899501
6916648
7746067
7130416
6771632
6748989
6826813
6742488
6764100
6748985
6767391
7159363
6898012
6763033
8206737
7044132
6802027
7540070
7004910
6778033
7334719
7151452
6798947
7189464
6839536
7010958
7041627
6818305
6989341
6833563
7014666
7014105
6827270
7018074
7032813
7030155
7540941
6833480
7041736
7574008
6848458
7064763
7573772
6862354
7059164
7564397
7049754
6867893
7597698
7094443
7063283
6901897
7093141
6885012
7077788
7089069
6892914
7267453
6898390
7077725
7652322
6904235
7191485
7574017
6934365
7636299
7140413
6925976
7603380
7190968
7128201
7129773
6951460
7109058
7161002
6970720
7128609
7191390
6979806
7142923
7161619
7137485
6971103
7192838
7171907
7015467
7755871
7198704
6995117
7743892
7216689
7201121
7770566
7053838
7226319
7195548
7014996
7217733
7226397
7034842
7220879
7213301
7233722
7212784
7079244
7239897
7232550
7065533
7255084
7226828
7065783
7271990
7259934
7258162
7241606
7079644
7270932
7245867
7100758
7354259
11855896
13473544
14175261
12457281
15386161
16223358
16925139
11807399
13340126
14462849
20558810
11759950
10787949
15303815
15838289
18030072
17076756
16670412
16778427
17032362
16976038
11186758
11605862
20703714
15131156
9226940
8441403
7706699
7384125
7182907
7189757
7191100
7194815
7208415
7205393
7214370
7210788
7208070
7216121
7219858
7216393
7222211
7229613
7221985
7232204
7229325
7262300
7272718
7326473
7253848
7316696
7314060
7249871
7309137
7315039
7265820
7327729
7341258
7276072
7340212
7381238
7329072
7292617
7364674
7349250
7291434
7366283
7358313
7300307
7367521
7368542
7309252
7375257
7375657
7328197
7383200
7394127
7487887
7339382
7396380
7396943
7337504
7448098
7414580
7351361
7424875
7423347
7366304
7483402
7439944
7437513
7376297
7437686
7444417
7381899
7479743
7488647
7520356
7480191
7465162
8035286
7468220
7469708
7965641
7454686
7431221
8027097
7457214
7982259
7471980
7463522
8023874
7493310
7496584
8040801
7471784
7509147
7972601
7469603
7461637
8008463
7484703
7979735
7490910
7473673
8035946
7488493
7479856
8011001
7499419
7496237
8028607
7505310
8063751
7514928
7539815
8053540
7523836
7523225
8151975
7531191
7622342
8179038
7613455
8076710
7660252
7628023
8211681
7576107
7631999
8170890
7587291
7665450
8230642
7667409
8128015
7657479
7655229
8201207
7584419
7686640
8225541
7672922
7963391
7864193
7729074
8253559
7633147
7680946
8228891
7619487
7698142
8252623
7717534
8221158
7718368
7704255
8240896
7644951
7762850
8258411
7732203
8213681
7739511
7742125
8308838
7695632
7743696
8318609
7748851
8227913
7761294
7778252
8343368
7717115
7774964
8310839
7773523
8253487
7799751
7792240
8343852
7778666
7799417
8343180
7871375
8292796
7820000
7815392
8342558
7778504
7847259
8394230
7831082
8337908
7843846
7852037
8380018
7781153
7851106
8389336
7845468
8337141
7864262
7861681
8436289
7815494
7874897
8452862
7880357
8140195
7914912
7892472
7889036
7839120
7916395
7954893
7919988
7854731
7904613
7909293
7916957
7888822
7937676
8472854
7983880
8446730
7965378
7944221
8470213
7889245
7956571
8482738
7958157
8516700
7911077
7975512
8489968
7976262
8404201
8039283
7982300
8531992
7933213
7999724
8550223
8008413
8510563
8004261
8007330
8530679
8024035
8520331
8022652
8034850
8559960
7981468
8059299
8527573
7990331
8543992
8025156
7989807
8505997
8002853
8553531
8000514
8008551
8533823
8017485
8015286
8547838
8021719
8570736
8029603
8031667
8549879
8033884
8573316
8043265
8055459
8582719
8056430
8060749
8577120
8074270
8648139
8068564
8074159
8594396
8088097
8636186
8091285
8091504
8615877
8110229
8627193
8109013
8109236
8654038
8165877
8156976
8638602
8127565
8678237
8134122
8133637
8673172
8157476
8672635
8144452
8148930
8700987
8170240
8706296
8173186
8176308
8699378
8172308
8727043
8184007
8179622
8691828
8193831
8749359
8209716
8211147
8724621
8208602
8762349
8219581
8229811
8749680
8242278
8229044
8743836
8244922
8794392
8235179
8239055
8769449
8248242
8793980
8259420
8272094
8774062
8284378
8797116
8271159
8275800
8839481
8279730
8801586
8288752
8329237
8887473
8368164
8889912
8354435
8369238
8896889
8407383
8926150
8360843
8380283
8394073
8395788
8381572
8368655
8383765
8414044
8397966
8385941
8423621
8408809
8429159
8444806
8405908
8430557
8450556
9045309
8452575
8969037
8457373
8444688
8461566
8447505
8429393
8470465
8456713
8486911
8457894
8504196
8460983
8494228
8493138
8475581
8475704
8483522
8524033
8536872
8496223
9051156
8551792
8540988
8531289
8510188
8504834
8553940
8622137
8561390
8533930
8522549
8543539
8549585
8609650
8549667
8548947
8559144
8611676
9072252
8526938
9085546
8529055
8523461
9113681
8547786
9142528
8576111
8964155
8686663
8596719
8664406
8564096
9124293
8587831
8592588
9205652
8602211
9179459
8589060
8617470
9376099
8832817
9282910
8728657
9219272
8697174
8812910
9257783
8713226
9204473
8653827
9145338
8725590
8654211
9156820
8652511
9177061
8658632
8659159
9220992
8655393
9184571
8662215
8914946
8956625
8682652
9220256
8684249
9193715
8752159
8789551
9398981
8813141
9271705
8810501
9342098
8813956
8782845
9328632
8748958
9280079
8843707
8730937
9338221
8867178
9341542
8878180
9394495
9093047
8875008
9337148
8854654
9369240
8836917
9350741
8780821
8779890
9294285
8805296
9317433
8807010
9338383
8868161
8863327
9395303
8942637
9451982
8876350
9356066
8837175
8838072
9381298
8836606
9370810
8856605
9355343
8899687
8847333
9411137
8862244
9371697
8874411
9414146
8876431
8885427
9398759
8876378
9416042
8898018
9456777
8979587
8901931
9432485
8902730
9502632
8926382
9189129
9182187
8927627
9444965
8948749
9534548
8943801
9464007
8951776
8941241
9585903
9012725
9503134
9047411
9489246
8964597
8975557
9528491
8979792
9495875
9251059
9585064
9049532
9042905
9547113
9108666
9776897
9085736
9636078
9055595
9585405
9522214
9128018
9661484
9107717
9648155
9168769
9699590
9056730
9118780
9703258
9111024
9680911
9129681
9692530
9152594
9650598
9165653
9164676
9673145
9163945
9696079
9150181
9686756
9105536
9789400
9223272
9203060
9740037
9202097
9748480
9222095
9733221
9165924
9689914
9193477
9254410
9687637
9149547
9698604
9164326
9686792
9172656
9563478
9352735
9179047
9694402
9197651
9822110
9226783
9761389
9261278
9287328
9723980
9206598
9768475
9227690
9804611
9244937
9822239
9263027
9524594
9555458
9280282
9815635
9278714
9846493
9283359
9896136
9296280
9582266
9558722
9283251
9818325
9311250
9913902
9405057
9894597
9356758
9865611
9348774
9344858
9927150
9375798
9882082
9399436
9890381
9365725
9922867
9416092
9647211
9682804
9390879
9938707
9388409
9920330
9858229
9965247
9393306
9986389
9398895
9977484
9639503
9604698
9939034
9399416
10371253
9484171
9935021
9436415
10004727
9527271
9969557
9712537
9534503
9975435
9547667
10085056
9501866
9995810
9476713
10044226
9513492
10027078
9501548
10098815
9558765
9530128
10037237
9534856
10055190
9651946
10141315
9601127
10144985
9557200
10113496
9596484
9751638
10037374
9600087
10160051
9589026
9538492
9545245
9541907
9540184
9542506
9560085
9552480
9603218
9568529
9569634
9559823
9580403
9576906
9583538
9574910
9592792
9586387
9589837
9606034
9596986
9610939
9605229
9613714
9610739
9618904
9637556
9628291
9629884
9638223
9645523
9632667
9645249
9645864
9661454
9660663
9690985
9669764
9672544
9673839
9676712
9675685
9679110
9682517
9681899
9680657
9675314
9708331
9692112
9715250
9705549
9706848
9713334
9725703
9720990
9720611
9716410
9757360
9749353
9736657
9733637
9782338
10795073
9804035
9797180
9800143
9804237
9809046
9811814
9795287
9793591
9836594
9829666
9825207
9826426
9828294
9825455
9822217
9835345
9842906
9833651
9852001
9860082
9894836
9871468
9862634
9886774
9874848
9898655
9911428
9881720
9914576
9895032
9887748
10237475
9964815
9870171
9980850
9925551
9959006
9935923
9958170
9932628
9951703
10011931
9973396
9992857
9960194
9996344
9953535
9994072
9973233
9983271
9955412
10010647
9974988
9987357
9996576
9994449
10021117
9994446
10019272
10010440
10049494
9986205
10044243
10019997
10054813
10025242
10063062
10039672
10047779
10039636
10088935
10052911
10055054
10127205
10097452
10098715
10096538
10097746
10086300
10111474
10112875
10042124
10053739
10059973
10072012
10072394
10063689
10064084
10074381
10081186
10085481
10076782
10095868
10090978
10148470
10118081
10139128
10562517
10163833
10144215
10154266
10123217
10164468
10131068
10174683
10128387
10172185
10152739
10191656
10161928
10161948
10190171
10166567
10190883
10179570
10222006
10181271
10229796
10292719
10271621
10230545
10290410
10217059
10277892
10238274
10267754
10257987
10299576
10273167
10285250
10278522
10357786
10274475
10322169
10266229
10331160
10346689
10292759
10250389
10255419
10266353
10273620
10282699
10283532
10282962
10287402
10320568
10313889
10320871
10337151
10326155
10334009
10332240
10345593
10335779
10739128
10358744
10370942
10366925
10371338
10377976
10367987
10402965
10389723
10460350
10388837
10404033
10411350
10424865
10402407
10447001
10451662
10474635
10456886
10423369
10456088
10436390
10455367
10428704
10461465
10432424
10468721
11099054
11018588
10469528
10524309
10492188
10515475
10478828
10487157
10484870
10661328
10621584
10555774
10533507
11522150
10579986
10611212
10563267
10578301
11362231
10578443
10514984
10684899
10567324
10568589
10637739
10569336
10553731
10639033
10635547
10630248
10630880
10648362
10570581
10604398
10570423
10611815
10604616
10615358
10583533
10623433
10600337
10634133
10616085
10628396
10661825
12047427
10707192
10662151
10675488
10671838
10664547
11748696
11200438
10637402
10792376
10697409
10701690
10712741
10704975
10712570
10737871
10708535
10711446
10720886
10782244
10759730
10771453
10773105
10774883
10822139
10842895
10772095
10788374
10792207
10783833
10873560
10763894
10795206
10767043
10780673
10802369
10779109
10788513
10775773
10779362
10770944
10793670
10872113
10864967
10868578
10852159
10799954
10815513
10850811
10824864
10818225
10830386
10934985
10912239
10877559
10866314
10836343
11552479
10888693
10908819
10868676
10887184
10860860
10883774
10856679
10902535
10987251
10905354
10880895
10924568
10879327
10969264
10937479
10888208
10919497
10909765
10937477
11102868
10938776
10923471
10947675
10939041
10954327
10982210
10976095
10949778
10969055
10967342
11011985
11000271
11376415
11120985
11006726
10980916
10970226
10964544
10975807
10961896
10984481
11004162
10999019
11026072
11012469
10976780
11014520
11009084
11010207
11030020
11000015
11017661
11004730
11032093
11062054
11063455
11053063
11071622
11075822
11096909
11062816
11082038
11075708
11101322
11083484
11168052
11121572
11123542
11101831
11127175
11110828
11132351
11129880
11128856
11164871
11128734
11146542
11159130
11170212
11154414
11170255
11143061
11155397
11158043
11181425
11181353
11183249
11179004
11244862
11596245
11227291
11195622
11237709
11228724
11314126
11236368
11220866
11258359
11223478
11237167
11242228
11241065
11247492
11255609
11305277
11283397
11236199
11279637
11267219
11282191
11264182
11270548
11288891
11285046
11308697
11274240
11324910
11291444
11311904
11335921
11339040
11301466
11340173
11373669
11368323
11394858
11400927
11384007
11406824
11403994
11453545
11398608
11439964
11400006
11387862
11406130
11409160
11419385
11391108
11418756
11443104
11404195
11768412
11880625
11786668
11457197
11507208
11417106
11392411
11379241
11397294
11405320
11401795
11417378
11407994
11419902
11418246
11419579
11424656
11472285
11446923
11441085
11474826
11451490
11452667
11539756
11486847
11512212
11490339
11484495
11513148
11495168
11519887
11554197
11528043
11516765
11599903
11598614
11552829
11555566
11586098
11579445
11541175
11558653
11567003
11615328
11568241
11572652
11568825
11574513
11562858
11591646
11581319
11576478
11615253
11599199
11677420
11622528
11629681
11624435
11622260
11612934
11613333
11634398
11632616
11655545
11649383
11679948
11643390
11643750
11644501
11639532
11660344
11664551
11642237
11648601
11651189
11666859
11684589
11652783
11687420
11672835
11665341
11692492
11673091
11681317
11739876
11696447
11686583
11708785
11699495
11711618
11708302
11716374
11726812
11719406
11723150
11736260
11735578
11749707
11748983
11761352
11751302
11755456
11771093
11761079
11776411
11781839
11768570
11777565
11783337
11786813
11797027
11797315
11819992
11892669
11873064
11888081
11933178
11901744
11898113
11901722
11906854
11966008
11916815
11925572
11936453
11897892
11986531
11923160
12084473
12019349
11962471
11941395
11992569
11955769
12001882
11974396
11999095
12004229
12009752
12028576
12016613
12018187
12002941
12051096
12060841
12028854
12092380
12012718
12088278
12025617
12022222
12025398
12060130
12026971
12058877
12048261
12034426
12035575
12034885
12061307
12061581
12062077
12091011
12074186
12074978
12066466
12066607
12099547
12088232
12114089
12079828
12114095
12105145
12089260
12126533
12168107
12157350
12120026
12139924
12147235
12184789
12144074
12153417
12263259
12189210
12171681
12147419
12162264
12183042
12176902
12164151
12204138
12196270
12202827
12194177
12199275
12211256
12220470
12226454
12307350
12296216
12245319
12289263
12269627
12322943
12241993
12285839
12256071
12280954
12319949
12260292
12348314
12286153
12318740
12373845
12330477
12328895
12311380
12345697
12302744
12343620
12328856
12349259
12387594
12339324
12370990
12332032
12353878
12412403
12349184
12358995
12362699
12369837
12342719
14965611
12406025
12633669
12406691
12374598
12412403
12388491
12387232
12432320
12452753
12772240
12459233
12542780
12458389
12420165
12449747
12439508
12469301
12789024
12408156
12408323
12380405
12467650
12404229
12380623
12434679
12757540
12474989
12442020
12419701
12458505
12433426
12454234
12441851
12819517
12565790
12429695
12475622
12450215
12532984
12480927
12470832
12874076
12496153
12500741
12464814
12547446
12536718
12488234
12509559
18068154
12505255
12532954
12505321
12528316
12572858
12539781
12781218
12603172
12548495
12551977
12533777
12611985
12549599
12583987
12795866
12601691
12584659
12567392
12599749
12573195
12607746
12603121
12789503
12655792
12655690
12841792
12643876
12606853
14855451
12700916
12860077
12686191
12629835
12662820
12624923
12658246
12680208
12706911
13048764
12692318
12741756
12721657
12766817
12792859
12766914
13008006
12904233
12831558
12791497
12826222
12895734
12856783
12812523
13196386
12960249
12809134
12878040
12815417
12835584
12858242
12857816
13101264
12879928
12813512
12840983
12870424
12924840
12880445
12928090
13108577
12936239
12912002
12946883
12865417
12825125
12809127
13028845
12910614
12966706
12979243
12961190
12977928
12926274
12953222
13043956
13014338
12991461
13031498
13019105
13065188
13001101
13013470
13095634
13021620
13004062
12997527
13007641
13044265
13027639
12995856
13001107
13014163
13111339
13065425
13081116
15266563
12942178
13232391
12963779
12990282
12938050
12946874
12977634
13053920
13106217
13324083
13106652
13132001
13137543
13112453
13052721
12994756
13369852
13097056
13001842
13042929
13050656
13088482
13088598
13141410
13449505
13110550
13039201
13075491
13133864
13181867
13199834
13337654
13212912
13258656
13080620
13164137
13174991
13201937
13236440
13438286
13246085
13238574
13247398
13351293
13189231
13204128
13192167
13545890
13264656
13136957
13172333
13171020
13161636
13185243
13411615
13232484
13238177
13241246
13263964
13329078
13220887
13286487
13508736
13478303
13656054
13346474
13242094
13247064
13211938
13491718
13460454
13467851
14124567
13271649
13258892
15530644
13476117
13329338
13320758
13266117
13297089
13337543
13281914
13315991
13551257
13348661
13370624
13315819
13330971
13331362
13307979
13538923
13386067
13382217
13360644
13326206
13431457
13363776
13336917
13749357
13502107
13405056
13414973
13377590
13407423
13406553
13993604
13480309
13457244
13417767
13495996
13426023
13404458
13485210
13635983
13481024
13454337
13459809
13524180
13550926
13449257
13899238
24642138
17249600
13589736
13465316
13516388
13677902
13558335
13500439
13500212
13527129
13565190
13486856
13529326
13876270
13607373
13682525
13539861
13681937
13594297
13599349
13561004
13630177
13609357
13603166
13638099
13661263
13685585
13619082
13691122
13725915
13680126
13643289
13660077
13715967
13674735
14053390
13786815
13788274
13688432
13692611
13722784
13684934
14083963
13707989
13718867
13752196
13951560
13957299
13960510
14183194
14269785
14018739
14124524
13987882
13926511
14145449
14585060
14038400
13951603
13998214
14211358
14193377
14002239
14226045
14256886
14114751
14044103
14228636
13947246
14116902
14446902
14055546
14159681
14135755
14527048
14044866
14295925
14100492
14350798
14112725
14097189
14347001
14119690
14108026
14282918
14269182
14110060
14116616
14435458
14112522
14287620
14489416
14044692
14220908
14147865
14315217
14142744
15389431
14592660
14129999
14338122
14356735
14143300
14129513
14437151
14172013
14356810
14180062
14155983
14367998
14226840
14186548
14415496
14447092
14208881
14289759
14485499
14223177
14458911
14243778
14355126
14393682
14240484
14434439
14260552
14428766
14279217
14248716
14467194
14434625
14300690
14245823
14464392
14320550
14453154
14294384
14494565
14381830
14322072
15755982
15137196
14470262
14311996
15030299
14431632
14521301
14352623
14828846
14380973
14352569
14592701
14564877
14433999
14339700
14563894
14434545
14547973
14428966
14594731
14402473
14400452
14613008
14579218
14494847
14389402
14640003
14533729
14683942
14424622
14656629
14449870
14563439
14698258
14660312
14557975
14457474
14677051
14570220
14647607
14537598
14672547
14519457
14526371
14708905
14680235
14571271
14477055
14746487
14602142
14829364
14551260
14726071
14587432
14557407
14714886
14734497
14621050
14552627
14765561
14611421
14760327
14767656
14643180
14604478
14826332
14886264
14652838
14685661
14919225
15451352
14848671
14668318
14797372
14623631
15032592
14824409
14862260
14633290
14828997
14727062
15329026
14857626
14465791
14436750
14436560
14448794
14534589
14512814
14494014
14498848
14435081
14518719
14580115
14587640
14700990
14588521
14482757
14571234
14549475
14476876
14524020
14524399
14528281
14540281
14535076
14568140
14506286
14575751
14547788
14533391
14571399
14575798
14601152
14580205
14621507
14554340
14622861
14615680
14563383
14615579
14601737
14585781
14677881
14706363
14776005
14621616
14623823
14618910
14659424
14633273
14633175
14634278
14629292
14672978
14644246
14663615
14671267
14693991
14696345
14691061
14692342
14667245
14698035
14715249
14683916
14704285
14753752
14703219
14731057
14922345
14774231
14812566
15049504
14935020
14867647
14830426
14879984
14875038
14874442
14923951
14827801
14854148
14994332
14921585
14880431
14860572
14871084
14870007
14879060
14906178
14883160
14880048
14888812
14857995
14911597
14882455
14910286
14872162
14913818
14926419
14906630
14898520
14972034
14964324
15013412
14938462
14960051
14922628
14956192
14972289
14985094
14943297
15003068
14973501
15001509
14998526
15025073
14978281
14991351
15017671
14975488
15006676
15033395
15051609
15063939
15058915
15118596
15030558
15234623
15190700
15109655
15151045
15063514
15078080
15118787
15115724
15173768
15067756
15177523
15113228
15151603
15233068
15619008
15431827
15555357
19066461
15106588
15070369
15076161
15102295
15313062
15472936
15448849
15300862
15479973
15320885
15275014
15497500
15548692
15390321
15664136
15348805
15549504
15646885
15416028
15628214
15367780
15452106
15559298
15641456
15395470
15693686
15430832
15596611
15669126
15430795
15705149
15439919
15678169
15464526
15686523
15502146
15700837
15657483
15516610
15704090
15510566
15735720
15655873
19474256
15249491
15268396
15287144
15283323
15289461
15330411
15270112
15298817
15315609
15311384
15281288
15332271
15502115
15397744
15487912
15443121
15487890
15408133
15504950
15417923
15583814
15488042
15905121
15802938
15843152
15873424
15696023
15924253
15684383
15877045
15840730
15721358
15868127
15764694
15905804
15762675
15856757
15787985
15901525
15961198
15664065
15951770
15746634
15938584
15850331
15724141
15868249
15794436
15880108
15940638
15743133
15959034
15842276
15938812
16021016
15733766
16031468
15754190
15975175
15932157
15805734
15943940
15915332
15998285
16041883
15811350
16076021
15856766
16053952
16045984
15912410
16054885
15960298
16030001
16101197
15840373
16085673
15838065
16104514
16079082
15912330
16073212
15984514
16055354
16122681
15869683
16156115
15950897
16140841
16111009
15968295
16092811
16023782
16124141
16161863
15908834
16164955
15943073
16204824
16221061
15990345
16227554
16022797
16199047
16146896
16011194
16145243
16076995
16157897
16221623
15966658
16230091
16045899
16260518
16258187
16062070
16184021
16240322
16058083
16268164
16200737
16079558
16269074
16135521
18242952
17535545
15828047
15832754
15832450
15826652
15849711
15884561
15855689
15871276
15850078
15865672
15868605
16155632
19741305
15909056
15887140
15895053
15899076
15906867
15904152
15947567
15920296
15930488
16085962
16056040
16063824
16007269
16035022
16010243
16068658
16027710
16072909
16051500
16078272
16039331
16079361
16047829
16214292
16097526
16148885
16090527
16148619
16091786
16211180
16181133
16118470
16073718
16059832
16110255
16203644
16195184
16184259
16197231
16202070
16289000
16212670
16236639
16272640
16304476
16204878
16250744
18886115
17676935
16160767
16200652
16201098
16193581
16252016
16252632
16222639
16215521
16233008
16221769
16295327
16262020
16242906
16263893
16245351
16320526
16329506
16381666
16328998
16390135
16329545
16675300
16774922
16565985
16717641
16755875
16685342
16847232
16876786
16825289
16611454
16812324
16657969
16884149
16933040
16884736
16637141
16869101
16709143
16732982
16818089
16753284
16610782
16801901
16714807
16526512
16713789
16539725
16769596
16640226
16717214
16538448
16712265
16704961
16559777
16738861
16638115
16697922
16908139
16971487
16906709
16945006
16680990
17018790
16698252
16883070
16708475
16862806
16882524
16871757
16807376
16960397
16968925
16766808
16950570
17078852
16751662
16943427
17007178
16733292
17000403
17293908
17070123
16859293
17004875
16732905
17113629
16775780
16959433
16777066
16974276
16919823
16933498
16758470
16980308
16832566
17031051
16958646
16674161
16721199
16729329
16810639
16725696
16694554
16735086
16820366
16720882
16722446
16697191
16661388
16627282
16652313
16713168
16737050
16729448
16704777
16809886
16818382
17292471
16757682
16806563
16786843
16829082
16828238
16790426
16847000
16777412
16903304
16792085
16839745
21642248
17230034
16787671
16767119
16780351
16799956
16775899
16837727
16820214
16803955
16937044
16931628
16931235
16927436
16831860
17005206
16945712
16968917
16950982
16873710
16965052
16901223
16969857
16983257
16881441
17038276
16930227
29034477
34613610
35346014
40658241
36785419
34639170
20317285
17408432
16881882
17272165
17255710
17072821
17268427
21048352
16909180
16914507
16926230
17184971
17313590
17288917
17153444
17300565
17306378
17141005
17321031
17322282
17319603
17153823
17323999
17353699
17166622
17374007
17358399
17355538
17192796
17384220
17403956
17381121
17222495
17411904
17418958
17401620
17214362
17408018
17400209
17400396
17240205
17442266
17429729
17432533
17243067
17427897
18417416
17321317
17525291
17412150
17466922
17286755
17719173
17299202
17498557
17315094
17529836
17508553
17519005
17348937
17476206
17524831
17523346
17533613
17434367
17562659
17550499
17802791
17364684
17607489
17581931
17569502
17468267
17584674
17572779
17591721
17419339
17599731
17630118
17435070
17772142
17455113
17634403
17641269
17803430
17570043
17844970
18445768
17485017
17833618
17493157
17757504
17760074
17806503
17591563
17819816
17795583
17642575
17994565
17637374
17854793
17673466
17947668
17611691
17872365
17880476
17686901
17999414
17629600
17875530
17880636
17875623
17695978
17980575
17922712
17688854
18042485
17662987
17875542
17931952
17923074
17721734
17902824
18073288
17755152
18117849
17753481
17916717
17970696
17972945
17951319
17797039
18057213
17709269
17583092
17605264
17610595
17632070
17698125
17634655
17656059
17708065
17701984
17682701
17679803
17665895
17648904
17654636
17682037
17700858
17703259
17663032
17703968
17669188
17729812
17719766
17716222
17693779
17728208
17754407
17746129
17733087
17701885
17724908
17747156
17739194
17775246
17784879
17784381
17750618
17813082
17754451
17799133
17799195
17770942
17783967
17807617
18271066
17956230
17913600
18175977
17835232
18446599
17964922
17926468
17970893
17978120
17849737
17895063
17922618
17874699
17950962
17939851
17896837
17933821
18015203
17931389
17976624
18055431
17981603
17945207
17958887
18007633
17934164
18060429
18025685
17946731
17984062
18065328
17971481
18039446
18099366
17995444
18048698
18069239
18063378
18013239
18084510
18111187
18012674
18362245
18510521
18474882
18436387
18009971
17948037
17967576
17954293
17990718
18027940
18068720
18033229
18105123
18028568
18044901
18028760
18075710
18118712
18078787
18085736
18036282
18161534
18118056
18093799
18107520
18099038
18126849
18062473
18093899
18114429
18166605
18162818
18138057
18177177
18149834
18162895
18160231
18178519
18197184
18241514
18167941
18162971
18172123
18218942
18160751
18181265
18187013
18164962
18201509
18221185
18217603
18246147
18240384
18225865
18257954
18226970
18245996
18240441
18289315
18260324
18302498
18236132
18330023
18278680
18323761
18277672
18276653
18300937
18328807
18332434
18301406
18303517
18361233
18358284
18360356
18331779
18367799
18370207
18386931
18360352
18369393
18412839
18346493
18362209
18403672
18427436
18471004
18385152
18516850
18375385
18464662
18415158
18455529
18486829
18443357
18429737
18415502
18426577
18447816
18498912
18504302
18504969
18486413
18477486
18450512
18489623
18521577
18525333
18513624
18536983
18582449
18562164
18655700
18619650
18596118
18645988
18600042
18623706
18595112
18640837
18656816
18690195
19068303
18662472
18939850
18696811
18676175
18690719
18629983
18706743
18787249
18696967
18675686
18688099
18718694
18694862
18675795
18695507
18715526
18804507
18657945
18635720
18672090
18653353
18649783
18664083
18670978
18692374
18674673
18666293
18709702
18702656
19033784
18709171
18721637
18709087
18702833
18717017
18726281
18727524
18745893
18745160
18740917
18748853
18750413
18765998
18769831
18783713
18779219
18794918
18772564
18790356
18779594
18846917
18829845
19597670
19041566
18840556
19019989
18920730
18984425
18944601
18845173
18940796
19111645
18940415
18948197
18952739
18894858
18894245
18943127
19015019
18948039
18946973
18967229
19334374
18983625
19018492
18976352
18968866
19144759
19025820
19070654
19042340
19011169
18954340
19032399
19036048
19018958
19030803
19019583
19048382
19083175
19074881
19036464
19207851
19133970
19140162
19172628
19080852
19247987
19119892
19165695
19111908
19070016
19189096
19154398
19284231
19243085
19273836
19167721
19199776
19162542
19198336
19324488
19180687
19159649
19184008
19215039
19178695
19224241
20026022
19819428
19835469
19827110
19202908
19830162
19769144
19750738
19946752
20071622
20031077
19925466
20203903
23106333
19222634
19270373
19228990
19226793
19384195
19242870
19242440
19245791
19259578
19278174
19254166
19313259
19303325
19368374
19313641
19313189
19327500
19304631
19410009
19435126
19501242
19368830
19392849
19417626
23329516
19488524
19405459
19414224
19378703
19396654
19393103
19441053
19424039
19429303
19609014
19714185
19628829
19670515
19583030
19517267
19582670
19635773
19631975
19972508
19556265
19496192
19494988
19534635
20647694
20477932
20535491
20079079
20104784
20243167
20220295
19806142
20018675
20154002
20407940
20504359
20289571
20267036
20222822
20302464
20288510
20223071
20249931
20474720
20205694
20174953
20139032
20160166
20102932
20113660
20270822
19585186
20634869
20204904
20137354
20192614
20145647
20187336
20177903
20129799
20593729
20362066
20343696
20431557
20447468
20435817
20451328
20487577
20422842
19824254
19896405
19995738
19865478
19912188
19930515
19941210
19862565
19852732
19880083
20003072
19951853
19930086
19904763
19939765
19942123
19912155
19916077
19946392
19958499
19977780
19959790
20065518
19915708
19970039
20023331
19992897
20079506
20003355
19867718
20054881
20013046
20078227
20042369
20054966
20088621
20056667
20087311
20034076
20020500
20174765
20073374
20075772
20069695
20177292
20086128
20123871
20083456
20077629
20429213
20168510
20284863
20101515
20129076
20230257
20171930
20146141
20171650
20022450
20113081
20034496
20052775
20215151
20255517
20199461
20244118
20274504
20184054
20227613
20219114
20228913
20209748
20280442
20231306
20223071
20298471
20239878
20331729
20349339
20268923
23299474
35808472
30533299
25777802
22910449
20641477
21432043
20438272
20435426
20646867
20590866
20616362
20545668
20833195
21600899
20745860
20673280
21544141
20731183
20639053
21237993
20648169
20386804
20379817
21152690
21086906
20509011
20607484
20637431
20819772
20731841
20696496
20833886
20673207
20589700
20703427
20733107
20714397
20721782
20691297
20546738
20309684
20325393
20326723
20344639
20340833
20336156
20347320
20348285
20354501
20354593
20471769
20397356
20372437
20402644
20391760
20404768
20493451
20406390
20404649
20484908
20422746
20488442
20583366
20430493
20506846
20449992
20445389
20455369
20458893
20579607
20479702
20492457
20464560
20473644
20473508
20511219
20482734
20491471
20508956
20515559
20511956
20571925
20537159
20550048
20567506
20561797
20607056
20548934
20566308
20687156
20570340
20582168
20830842
20609359
20882367
20758675
20735060
20741872
37388962
34357562
24238277
21147544
20886354
20875397
20847772
20882731
20929205
20866642
21024547
20985390
20993773
20991617
20929181
20878736
20835620
20927980
20871303
20862034
20989614
20885666
20873951
20890483
20904994
20925936
20938009
20977201
20919598
20950011
21075211
20938590
20963794
20978436
20937612
21063439
20975763
20958655
20974623
20995326
21058093
20970033
20998234
21416795
21060321
21015681
21086401
21079840
21025541
21170958
21103310
21061159
21154192
21515398
21124507
21104530
21063297
21198837
21503976
21104740
21128602
21146827
21162875
21096745
21258691
21167272
21125953
21151903
21197139
21144375
21212429
21224710
21151044
21209815
21074579
21045861
21091442
21081343
21073055
21042274
21072589
21097433
21062946
21078703
21119579
21105717
21102987
21129625
21167046
21144937
21400729
21237054
21288209
21317229
23085684
34199603
21761362
23820123
21855110
21511513
21558004
21606955
21579710
21449854
21442526
21652170
21841379
21666061
21588608
21532955
21473143
21579344
21792098
21533285
21578105
22106867
21734544
22257464
23730374
23833838
24583748
24209275
23053743
22221978
22011303
22144752
22000837
22018232
22267751
23435763
22806890
22508202
26292836
45125322
47205467
29934236
35459321
27108895
23534519
22270671
22281413
22187855
22934010
24060519
23886733
22026184
22078637
21994941
22100816
21937972
21961182
21910625
21858758
21879875
22014005
21954058
21913891
21948665
21916214
21961850
21976117
22191384
21904723
22016664
21939316
22196614
22014164
21938350
22029180
22067239
21988929
22017667
22114209
22085261
22157622
22153586
24952978
33159825
23157538
21713877
21853669
24687962
21806224
21773370
21846513
21776782
22038846
21959325
23428359
22516905
21976751
21918621
21962408
21902656
21910022
22059242
21949345
22283209
23285780
23425849
22088440
22016463
21995974
22056544
21999333
22021241
22020436
22012737
22025602
22044393
21878653
22091830
21846128
21862063
21858780
22108769
22015234
22127493
22067415
22027069
22415176
22374713
22579975
22229675
22206967
22645953
22316837
22252896
22329982
22532762
22323860
22304185
22253097
22238457
22546527
22337981
24213529
23543264
22216468
22216238
22212007
22189472
22207455
22228728
22345787
22237582
22231018
22212400
22282078
22239234
22374567
22468805
22417029
22375523
22382641
22351655
22443098
22360394
22448486
22415811
22429245
22448852
22404825
22514330
22440923
22485516
22213805
22194244
22195889
22211715
22205903
22244694
22215925
22364737
22240117
22238422
22245805
22278232
22282652
22265302
22263210
22273254
22877598
22610526
22517011
22387816
22444217
22442196
22372289
22377975
22401037
22462998
22413114
22437083
22404775
22422862
22489160
22431812
22332517
22321668
22350890
22463553
22430342
22442819
22490720
22452661
22472525
22438217
22584101
22555744
22634172
22396719
22586562
22458564
22478790
22460234
22451501
22463827
22410060
22456182
22753065
23149172
22955556
22731592
22763826
23529283
22916875
22775960
22832400
23021894
22789948
22743265
22847316
22794973
22781641
22718564
22950207
22752951
22770075
22974905
22852583
22883455
22847916
22969935
22818940
22800195
23002316
23232308
22809733
22731569
22870087
22885606
22831118
22928233
22969173
22896240
22886327
23046320
23084878
22917118
23005323
22883094
22966788
22882847
23025601
23035446
22942370
22961446
22934068
22948607
23186639
23171618
23002126
22985454
23080384
22845624
22809265
22938095
22849004
22827572
22851139
22918342
22833648
22851949
23029673
23023943
22845601
22876403
22858489
22860904
22889266
22873788
22925381
22855600
22758039
22754921
22771440
22891386
22850284
22841534
23102870
22913266
22970462
22878608
22946762
22876458
22902183
22897242
22910594
22914542
22924074
22923051
22937306
22965301
23029425
23690033
22967319
22993749
23204831
23172506
23134050
23220141
23088831
23092413
23075623
23104684
22972865
22983362
22971090
22969367
23012300
22962377
23097121
23098355
23160749
23138433
23152843
23177291
23259626
23142112
23158046
23186374
23042718
23094324
23224617
23213994
23256534
23260984
23202024
23260692
23240446
23249565
23337862
23259721
23289755
23883541
23240240
23382407
23378264
23429819
23389413
23373776
23553000
23389879
23430674
23442666
23462661
23378698
23455277
23520768
23432055
23484418
23450808
23459922
23479169
23483387
23485376
23482435
23456974
23575173
23514312
23595520
23454384
23553482
23530047
23480407
23505335
23576451
23516322
23576060
23545251
23539869
23542750
23526119
23639989
23713968
23510337
23489887
23497090
23680824
23753544
23645903
23813015
23763260
23799356
23780438
23877362
23987229
23812209
23833275
23737725
23755875
23843717
23806629
23774375
23897871
23919202
23947384
23973407
23917812
23916246
23816916
23835239
23840965
24056806
23973945
23838292
23919921
23851121
24042907
23879987
23787157
23992289
23912452
23926695
23925632
23878658
24059695
23876088
23914184
23964381
24056860
24055468
23916318
23901416
24002814
23955469
24106479
23967593
24237685
23975690
23993136
24115035
24005756
24061012
24055240
24027990
24059417
23960117
24069599
24030970
23994970
24093000
24120413
24030309
24083074
24006446
24247750
24101005
24136739
24146624
24096752
24181599
24124588
24107278
24169967
24222248
24108455
24373878
24145724
24159618
24125806
24277147
24216152
24297956
24125856
24286826
24352847
24296152
24219651
24270577
24296037
24252895
24373722
24362203
24283548
24239193
24231885
24321518
24243716
24420224
24414878
24467795
24521290
24401266
24431119
24345325
24464912
24511107
24612409
24455141
24587186
24369030
24370274
24466278
24578763
24330488
24373483
24691814
24473009
24898289
24625627
24554716
24508254
24600447
24553086
24426987
24558296
24592739
24583180
24459173
24564153
24483054
24551379
24640181
24659289
24538148
24655098
24641726
24549766
24603753
24671809
24624670
24564781
24639936
24582559
24658127
24651038
24636126
24344229
24270324
24405617
24284677
24290516
24336180
24289998
24276069
24448397
24301417
24298676
24322816
24351543
24327498
24348139
24416154
24395370
24355654
24477287
24477550
24580761
24477410
24585104
24555465
24533201
24582377
24534618
24604630
24543243
24592056
24560887
24543177
24542434
24747099
24718306
24612549
24619023
24612647
24557813
24500180
24488073
24629208
24618810
24642062
24683469
24622911
24669091
24609516
24657735
24605201
24757268
24680328
24679408
24700956
24714109
24742068
24714457
24612296
24603918
24615189
24617449
24619903
24620131
24615252
24652282
24649471
24641792
24637032
24711200
24798090
24718908
24690766
24686093
24699525
24692637
24676489
24703605
24826004
24729343
24721100
24728625
24870952
24961733
25039810
25014079
25032031
24978060
24994043
24961032
25209028
24945481
24928566
24949178
24973011
25015143
25046348
25160260
25232102
24967271
24935211
24887599
25031379
24908439
24942276
25351378
25211353
25143776
25102556
25155143
25213542
25289436
25172418
25118057
25145933
24996389
25021155
25032307
25030058
25072084
25096754
25027343
25221466
25063654
25107185
25216443
25240596
25342390
25323109
25260919
25429581
25464706
25470140
25278694
25322101
25460925
25455079
25639402
25484734
25364947
25429204
25437892
25323300
25335060
25406274
25405532
25363799
25474362
25509971
25446626
25491154
25385446
25449371
25645002
25682117
25651583
25662529
25549505
25908540
25804046
26008538
25990767
25791476
26037830
25702473
25979855
25884122
25735413
26002399
25907359
25758391
25856920
26121651
25880488
25701079
25974021
26372728
25788595
25907589
25689073
26016330
26009259
25773650
25944563
25935193
25766469
25771758
25944953
25936937
25805433
25961638
26065694
25857056
28149264
25956703
25813202
31801603
25522211
25695487
25694554
25672255
25652733
26132199
26203300
26388217
25967534
26257235
26205481
26048345
25807854
26275448
26047540
26027468
26312344
32378269
33679709
25887767
25907332
26182134
25866602
25939132
25980589
25866856
25974809
25939662
26003743
26010713
26011087
25980197
25926888
25992972
25994585
25934141
26226857
26002067
26022090
26062952
25972309
26267899
26094427
25984669
26004106
26300631
26825623
26471349
26847690
26533469
27122526
25916934
26192454
25953797
26305363
28333085
26352012
25886434
25896449
25928796
26250965
26630835
26002089
26227866
26311857
25959210
26092783
26411882
26025999
25979181
26005631
26336942
26122663
26003022
26056885
26362178
26079220
26066572
26036656
26560565
26192384
26209767
26329212
26723519
26232255
26493977
26908296
26336867
26199223
26312057
26516911
26348355
26839993
28628767
26709920
26244864
26158181
26326230
26621246
26216080
26216658
26445801
26351436
26228229
26267945
26478059
26250544
26169806
26223698
26494418
26241153
26280414
26294165
26700913
26509534
26502595
26472933
26975099
26995167
26437834
26661380
27847093
27157073
26788021
27043221
27106264
26796695
27146667
27465633
27361001
29769009
27026651
26563378
26343367
26372427
26924191
27069192
26736032
26915310
27425224
26790848
27199626
27248429
27592443
26991068
26749937
26943724
26955828
26801593
27183092
26977178
26814340
27276009
27065619
28256520
27445716
26925246
27506759
27113890
27084810
27113003
27182926
28102533
26963008
27395800
27185884
27578795
29716892
27096696
26607924
26577879
26726044
26923410
26782039
26583566
26632051
27094353
26655965
27031587
27458869
27245683
27382248
27005978
27777114
27076214
27197650
27251528
29647603
26859578
26902385
26965851
27048098
26822816
26928451
27254811
27337336
27057057
26902790
27011435
26941319
26963520
26891541
27028190
26942748
27057011
26942945
27042987
26918089
27054876
26951722
27668644
26991919
26920813
27044411
27033061
27025307
26983550
27080380
27106510
27184820
27204566
27252423
27161866
27109711
27078453
27110404
27100379
27202362
40545216
27611302
28243364
49310519
34755146
31745061
28049008
27829568
27093632
27114936
27058612
27122196
27458635
27152577
27127263
27162631
27124362
31711044
27068277
27074317
27101305
27083508
27060854
27039226
27994396
27188025
27310714
27230267
27201738
27292319
27234823
27175911
27183552
27214595
30465876
27585907
27253016
27273324
27190574
27330097
27251956
27267621
27245137
27316896
27314919
27304429
27291247
27353653
27529784
27403667
27587626
27437949
27374757
27387983
27314422
27378390
27382727
27518248
27371297
27357730
27378561
27384113
27423302
27474415
27500782
27674838
27636883
27550005
27537279
27543749
28029380
27579080
27638055
27634788
27705733
27626781
27651612
27618280
27634841
27525259
27483139
27559874
27586008
27687136
27724979
27608400
27533682
27671738
27834268
27864075
27779296
27856687
27852069
27799261
27954768
27799835
27924570
27879359
27840060
27979215
27853652
27896297
27920047
27896652
27902578
27968923
27978441
27986272
27883620
27879837
27713784
27604488
27825864
27786329
27837859
27814885
27833996
28167393
28081890
28069391
28107358
27988514
28032538
28047756
28214879
28117387
28058282
28123503
28095278
28047146
27956977
28000878
27751218
28042348
28063202
28060467
28259455
28010517
28171340
28183552
28335271
28144980
28307152
28320484
28201262
28220472
28262113
28236041
28110878
28220536
28228787
28206157
28185514
28363142
28258241
28340115
28305376
28220574
28251289
28411042
28185751
28305209
28317801
28292311
28295754
28248213
28306321
28365989
28333851
28470245
28369561
28292557
28343687
28395901
28401069
28360147
28377441
28377429
28473731
28325389
28457009
28398225
28469202
28340019
28462363
28409641
28480427
28615712
28501754
28415630
28546329
28749277
28614580
28496893
28509370
28790426
28832025
28755090
29178307
28538088
28745444
28759437
28745811
28729913
28778388
28681627
28938337
28608783
28804747
28761696
28825358
28799002
31831885
29612023
29064588
28633391
28561658
28499992
28611489
28585792
28492754
28552109
30307358
31043934
28921121
29207166
29067656
28764333
28673992
28753261
28837683
28628296
28666713
28648880
28629917
28509471
28670889
28708003
28560263
28651185
28739514
28969351
28667445
28766013
28751707
28824119
28904148
29450786
28775937
28858927
28916352
28849210
28819983
29081796
28883459
28843257
28840731
28879154
28831382
29062538
29092544
29075416
28924902
28958117
29056579
29655102
29238788
29208669
29242733
29126028
29183573
29240455
29323104
28951262
28916310
28973624
28995586
28947527
28924776
28943135
29000496
29095881
30594654
28964364
29110802
29233274
30838539
30704535
31177596
36510058
31408370
33465258
35412725
38080272
35855262
31621674
29308132
29151737
29153786
29313465
29508620
31126611
35365325
36049074
38074020
37301494
32936303
31618892
30459299
29985721
29576329
32945905
34463368
33279838
35709901
33420306
36949803
38564378
39076463
36716788
33812549
33250265
33067845
35476890
41098717
38985219
36685397
40680237
56781222
55566429
53030480
45936475
52821779
47106156
42795613
41972472
41897206
42610152
39966593
39070567
37582637
32247742
31880011
30644835
30366660
30167889
31216373
31900566
33600734
31656542
31328665
31523575
31242041
30672705
30911767
31421120
29548242
29833812
29450656
29314846
29391000
29593433
29528423
29470642
29501721
29732096
29481454
29502067
29607516
29357285
29323163
29375405
29666210
29982381
30003403
30322706
30982689
30151366
29947273
30002516
31293188
32927377
30645717
29987795
29864115
29995335
29767510
31970927
29948661
31826970
35641324
36106690
33180269
32554727
31738460
29937909
29584208
29513268
29455477
30212895
31496020
33867061
33536889
33240302
32816868
37296558
36143607
34054328
49566656
49253057
44454061
40876889
38999660
38627620
39884075
35771867
33823059
32415853
30773026
29858798
29671569
29807240
29796865
31452085
40641217
37630973
35204586
34206280
34703753
36720036
39499191
40733949
39719552
32616627
31312909
30458703
32368206
30612464
30324650
30586532
33965127
42898410
36761198
36216195
38681702
38497331
32675614
35028603
32709491
32266156
32338611
31617731
32550579
31690966
30578069
30535878
36465193
39518633
36357501
35219190
32122204
30408499
31124586
31530298
30577578
30592234
30719699
30465733
30712556
31349922
30804276
30649372
30908678
32104826
32434614
34216078
35109539
33997903
31729507
31532816
32754111
31544824
32031998
31903095
31289634
33277609
32948383
32147839
30485402
32795345
30986556
30955350
33162784
31342895
30886382
32026630
30735612
30771333
30507489
30422418
30546368
30541538
30476440
30514614
30553064
30653461
30478577
30526879
30710131
30566465
30550899
30567135
30539868
30569261
30593614
30673987
30664237
30660004
30616114
30737191
31052535
34984921
31940520
31537763
31563828
31669584
31062924
31573744
31967412
31138316
31041218
31199940
31206965
33551034
35841465
32722156
33337722
32868504
31540679
30755531
31370127
30835386
30929478
30767789
30785120
30830046
30899607
30867793
30903561
30901631
30768412
30866716
30900590
37489349
30535920
30551179
30459424
30576272
30459976
30566737
30466362
30590990
30503547
30504403
30554588
30668934
30531153
30517467
30525205
30630405
30565588
30552555
30555592
30560709
30561408
30598790
30591132
30624671
30906088
30674701
30659060
30672193
30608345
30669829
30664179
30944515
30670505
30649590
30843791
31010322
30912357
30960518
31088766
31025417
31045745
31009858
31027023
31231903
31448264
31482066
31361777
31232948
31275194
31215457
31265921
31317078
31314251
31274488
31297114
31374167
31253238
31372646
31321074
31383647
31304144
31318171
31377631
31417386
31426549
31306188
31358617
31440450
31315198
31380836
31181441
31126361
31258594
31246776
31431434
31462862
31896153
31301031
31276592
31899014
31692326
31241160
31306941
31298833
31459376
31274971
31325083
31307917
31293951
31290926
31304311
31342990
31336292
31503309
31313932
31202593
31569812
31095427
31112503
31159482
31119202
31118287
31119067
31142441
31211694
31278712
31180382
31242708
31200933
31170028
31169618
31232489
31183039
31171975
31220297
31208409
31182090
31193663
31230729
31212028
31232973
31286765
31225208
31270636
31337499
31383146
31367531
32177247
31324125
31288422
31561162
31410659
31372189
31480479
31441509
31384232
31368086
31360495
31442051
31636931
31843124
31419530
31468216
31640372
31513409
31541174
31448468
31483503
31483391
31493867
31502788
31552108
31442563
31509159
31599418
31562123
31588232
31680653
31538656
32077542
32455822
31612267
31618340
31538354
31582703
31541187
33413285
31939823
31594284
31684094
31627778
32313207
31907616
31750777
31776587
31645963
31670217
31727721
31713084
32025735
31676402
31682391
31845065
31716150
31774494
31706988
31730612
31926834
31936124
31964370
32642909
31904807
31800399
31984535
31830444
31876129
31894964
31797296
31893263
31814706
31855457
32060867
31968003
32141533
32161355
32174665
31892803
31905797
32067273
32034585
32019003
31889335
32076965
31996908
31924660
32097252
32034537
31981787
32086027
31995242
32040656
32492876
32553502
32600683
32128867
32087248
32110027
32020283
32028813
32089840
32155157
32106696
32235255
32129961
32170479
32233429
32093878
32078079
32097214
32127196
32151583
32252229
32101907
32155573
32268993
32137152
32160166
32172582
32178281
32237174
32270597
32364098
32486179
32687755
32565420
32622850
32525391
32595034
32574550
32602726
33211682
32279604
32384343
32557240
32618405
32499692
32683528
32440281
32552648
32492181
32506270
32740905
32633601
32442667
32565709
32564046
32563078
32492330
32439566
32445470
32634757
32541357
32630095
32647931
32552585
32331840
32388127
32568358
32441449
32363468
32337188
32449085
32445742
32406535
32582472
32440953
32681465
32472448
32497618
32494113
32525346
32544315
32829728
33370950
32438523
32630304
32481782
32498197
32530227
32512141
32549856
32684047
33632949
33061196
34616102
38607302
40408043
35826593
36890259
50774627
49437966
37980303
34034966
33893023
35534529
34095235
34633138
33605522
33782758
33149632
33879472
33507477
34059754
33955566
33210349
33732866
33433246
33952062
33360370
33753163
36141637
36394522
36909144
36941191
39822066
40483261
42987672
47786376
49286221
46711118
45409475
45003086
46598965
47444959
46096979
45104301
43348351
38803857
38159521
38699168
40089982
47446959
57478384
61336394
55427208
47364327
45941560
41406046
34866554
33296954
32974447
33047915
33000918
33210482
33313893
33422063
34226125
35267595
33844126
33927527
33977873
33974447
34323303
36905239
34809595
36810090
35527524
33424973
33869044
33360091
33480468
33316769
34821607
36319941
35318045
35612249
34021068
33554967
33674970
35191802
34398363
33359702
33602538
33374462
33403344
33644588
33394993
33515248
33665115
33385404
33397965
33853256
33783575
33930574
33515411
33538871
33455126
33831155
33828857
33532545
33793772
33673390
33607248
33762641
34147441
33689898
33590714
33732536
34055427
33809230
33721294
33636988
33783434
33580475
33683712
33733762
33564989
33655214
33683253
33851169
33744811
33753517
33770932
33758333
34018183
33821951
34031703
33884565
33506655
33443422
33788481
47582040
47456519
39988172
33970784
33898113
34396837
35165050
34389933
34888954
34723220
36193908
33889683
33914319
33879988
34193583
34478349
34215752
34102080
34021252
34330182
34934863
37575343
33684154
34522853
34288405
34130253
34163259
34272368
34854236
34605819
34285872
34698227
34292734
34216356
34480209
33930355
34048103
34413805
34431376
36335455
34242479
33865062
34146958
33974117
33982995
34156795
34244989
34743888
34622713
34469164
34388146
34533580
34467967
34340251
34908653
34458231
34410802
34923005
34508147
34471165
34713301
34389915
34439929
34546803
34560449
34522733
34726839
34701341
34845822
34825444
34700285
35033856
34425508
34646006
34585463
34605843
34671070
34704365
34710183
34675683
34755684
34463457
34379584
34319788
34188053
34303342
34746646
34333221
34317545
34884041
34374509
34436373
34637062
34492759
34975307
34405845
34392678
34515929
34469096
34444972
34461341
