2449
4624
3167
3259
3482
3492
4291
4945
5404
5953
9616
9125
8815
17519
11356
14656
16377
14400
28272
25654
27498
32619
35971
22973
38492
25887
26856
55595
27421
30210
33353
33813
36142
37529
24839
9453
10678
11086
24474
11022
11458
12928
12644
13961
13654
15070
14944
20541
16806
16646
18717
35362
15997
17622
16773
17289
18038
18640
20135
20512
20257
21993
21643
23694
23044
23564
24020
27193
25469
26290
27921
27650
28325
30078
30235
30796
32475
32138
46852
34856
42059
36686
36175
37166
38796
38722
41514
40483
43575
42241
44241
59408
46478
46413
47537
47608
50384
49591
51607
52872
52677
55025
55612
63726
57661
58434
58638
61116
61770
61939
63957
65202
66015
67189
68122
69464
70720
72413
72744
73084
75019
77375
77876
78961
93825
108407
83307
83977
85374
86707
88233
88968
97577
91679
92793
94218
95756
97298
97994
99168
108234
102311
110399
608126
581481
598484
562072
574427
581836
584547
598912
602875
615372
621825
625301
637412
643277
622671
36273
36618
43694
37164
37826
38067
38433
38900
39646
39992
40596
40985
41341
41700
42231
42621
43248
67065
46793
47907
47905
48267
49030
49312
50191
50754
51079
51636
51850
52581
52919
71290
51371
51168
51787
52219
53234
53204
53929
54358
55227
55457
56046
56411
62970
57673
58444
58528
59298
59945
60431
61257
61484
62026
62739
63364
69769
64660
64738
65464
65899
69990
67148
67907
68277
68943
69511
69950
76841
71165
71963
72723
73480
74090
74640
75039
75557
76164
84127
77522
78269
78560
79397
79989
80798
81266
81877
82274
88537
83721
84366
85411
85612
86619
87069
87681
100785
97870
90575
91148
92016
91704
92991
93048
106620
94532
95586
96241
97020
97196
98780
98828
100384
106349
100823
101786
102195
103522
103727
104869
105276
128658
106790
107432
108091
108586
109969
110905
111281
120384
113300
113888
113998
116970
119617
116349
134844
111260
112707
112636
113546
114286
115067
115865
125982
117055
118158
118545
119607
120053
121365
121878
127008
123072
124226
124607
126137
126210
127111
132580
129712
129346
130526
131482
132155
132566
139845
134509
135507
136011
136607
137496
138654
139491
140676
140887
148173
142360
143813
150357
144892
145558
146812
147077
147849
153554
149957
150611
151736
152371
153275
159289
156384
155847
156704
157849
159052
163220
161266
160780
162011
162657
163562
167886
165611
167183
166998
168037
168761
174205
170795
173642
172630
173270
180163
175559
176836
177604
178344
178727
184878
180984
181632
182373
184049
189909
186397
190836
187304
188314
194097
189926
191026
192279
193019
199398
195603
196309
197177
198274
203536
199911
201130
202453
208814
203678
204945
205575
207534
213962
214037
210039
212612
216530
212940
213516
214642
215838
221601
217773
218760
219816
224664
224420
222523
224280
225821
230264
227081
228446
229364
233517
231678
233198
233901
238493
235281
236139
238012
243414
239994
240453
241663
250619
247317
245578
247429
247389
252345
249192
250615
255221
253024
253592
257799
259848
257087
257816
260202
264797
261243
262502
264105
270117
266125
267162
269484
274435
270590
271596
276492
274153
275149
276152
282207
278260
280338
285841
282605
288202
284264
290815
291152
288283
299133
290371
292102
296452
293864
294862
295985
300391
298714
299988
312876
301186
303724
308054
305663
306247
313430
312836
311053
312420
317272
314981
332112
321296
318222
319106
324563
321930
322496
327651
325015
326474
335782
329485
330345
336195
333593
334030
339920
336902
337902
345630
341054
341653
346910
348972
350797
346579
348607
354025
351619
351766
357507
354817
358969
363057
358375
363602
361137
362031
367702
364615
366379
371211
370103
370054
375124
372849
380410
374674
377528
381786
384542
385946
383470
383204
389193
387284
387760
391899
391447
395037
393100
394759
399263
397494
403078
401222
401514
407821
405234
410277
407140
413225
411257
411749
417616
415587
421268
418427
419288
424702
424769
428611
424702
437712
426708
427428
434577
430836
437663
437636
442349
439800
445545
442408
452682
452469
446235
453638
510366
473706
456781
459627
460846
461324
455598
462171
476521
464325
461719
465018
469694
465922
472705
468538
476197
474518
479451
475423
480480
477306
484892
509012
504919
483882
505856
488575
493430
489921
496811
494605
513675
501273
504814
499857
505026
501953
513120
505333
511036
510069
515427
511596
517863
514955
520152
517589
524273
524014
539775
531238
525667
536665
529859
533467
533057
538153
535528
541035
539514
546294
546257
543738
548534
548552
552948
549611
556079
560588
558452
561831
560882
564144
561074
571951
564244
569647
573591
569012
575010
574309
579059
577399
583285
582145
580818
586727
583983
590037
591831
588082
596098
591741
600695
634954
597645
608877
609653
606703
611250
607494
611891
609115
614455
618419
616576
619495
622189
618935
625535
623871
629160
632563
628122
649838
638083
645987
639109
642587
639951
644709
647002
643989
651014
646567
653948
654166
657858
660328
660913
658014
664143
665305
663667
668053
671369
668629
674808
676669
676478
678761
681198
687811
682088
687221
689844
687271
694846
694405
692291
698824
701483
698193
703392
704510
708531
705937
711959
714195
710699
716787
717770
719299
718704
728009
738021
731312
725474
732218
738530
736955
732482
738082
744707
745665
740522
745186
749050
749859
749997
752935
755312
757285
755140
761308
776840
766656
763507
767843
771310
774758
770730
775546
778340
780008
784495
780174
792312
789516
794380
791575
790064
794871
797495
799264
801968
800510
806894
812424
809990
811741
810029
815985
818064
818174
826888
823079
821577
829499
829408
838997
832753
834007
833859
839368
845989
842811
845127
846914
845436
849507
855732
853439
872299
858852
861071
863928
861341
867740
869306
933108
877494
875410
883316
879422
880178
896788
886977
887957
893864
891747
899556
894742
914330
899837
898599
904581
907784
907329
912309
913377
914920
928951
918146
920116
922543
927319
923958
925826
931025
933003
935514
939191
940075
941649
943679
948495
949605
949545
954512
955598
956086
959970
960048
962664
967236
968940
978557
971503
972663
972304
977828
976473
983137
987776
986318
990430
1027881
1065202
1009957
1032415
1002042
1004592
1003901
1006461
1009801
1009519
1013390
1019916
1017044
1021004
1023810
1025236
1032646
1060329
1032486
1033410
1045854
1052655
1182273
1045693
1044588
1048986
1050752
1051449
1052868
1057714
1058460
1061577
1062429
1063481
1066156
1069633
1081794
1073574
1075924
1107001
1098237
1110684
1083434
1088863
1101450
1096917
1092776
1097235
1099742
1111643
1109230
1103383
1110306
1108232
1112011
1114200
1120729
1120318
1120005
1126750
1124995
1128084
1130616
1130583
1153827
1137384
1143358
1140032
1144381
1147474
1148090
1153158
1156408
1161415
1169476
1159890
1162385
1166377
1171412
1170625
1179127
1173112
1176053
1179071
1185093
1183539
1193847
1191613
1194173
1197974
1195973
1204204
1219376
1201927
1211224
1209630
1212577
1211166
1214974
1221552
1227684
1220209
1224337
1231196
1232527
1231184
1234247
1264378
1241689
1244883
1265536
1251232
1249537
1251972
1256302
1264074
1260584
1260778
1272226
1267824
1267542
1269216
1276309
1275550
1279311
1306657
1305847
1284274
1290529
1293663
1293650
1295508
1309809
1302339
1302470
1307090
1312684
1311290
1313218
1316434
1318733
1320784
1327879
1325747
1465654
1338067
1333166
1339544
1336871
1357539
1347287
1344836
1348257
1352198
1352898
1355589
1363882
1365440
1364718
1367055
1409174
1379239
1376177
1375386
1381310
1380145
1412953
1421079
1397901
1416869
1412311
1441392
1404256
1402430
1406871
1407671
1418049
1410646
1444098
1419566
1420615
1427479
1441197
1439327
1454768
1440165
1439153
1440411
1443521
1440642
1448429
1507764
1458214
1460922
1459337
1460197
1464879
1467370
1471484
1470423
1475229
1481771
1480944
1533193
1489550
1483812
1527622
1490026
1556404
1497871
1507064
1501773
1510904
1510314
1515935
1521794
1519990
1517440
1525735
1521330
1527861
1548267
1531302
1535749
1537943
1542064
1542617
1546908
1567148
1561557
1554685
1561661
1578985
1561669
1571313
1565647
1588806
1569815
1587330
1584742
1582986
1585621
1589612
1589268
1593890
1593122
1599154
1608076
1604105
1605986
1607879
1613233
1613293
1617463
1624177
1626203
1652912
1629801
1630067
1639483
1639447
1641032
1643222
1642486
1663118
1653283
1658674
1686709
1663992
1671817
1665964
1670630
1674561
1669814
1676515
1679188
1680172
1686872
1692837
1695560
1699022
1719924
1703816
1699704
1704979
1708575
1738493
1717340
1727389
1720355
1719548
1725904
1732690
1727376
1733776
1738139
1815645
1746671
1762587
1760436
1751511
1757041
1754121
1772865
1763579
1764519
1766065
1776415
1778584
1775727
1780433
1779691
1796683
1790579
1795771
1789481
1801231
1801104
1803423
1807887
1812020
1807906
1815203
1827722
1836055
1826695
1824130
1829890
1832662
1834817
1839282
1839318
1846706
1844772
1851993
1885350
1859147
1858839
1862973
1865693
1866307
1870754
1898513
1876103
1880594
1883111
1886218
1888772
1892537
1922809
1901148
1917072
1904863
1911832
2185094
1916208
1916857
1919469
1928918
1929900
1929631
1932594
2004067
1936501
1977692
1949483
1945708
1949335
1953565
1959486
1960959
1957166
1968258
1968008
1972166
1972146
1977792
1992083
1983550
2015234
2011768
1994598
2000190
1997661
2008345
2005201
2025823
2018842
2013220
2016438
2023220
2026368
2026339
2031278
2035383
2034925
2038561
2043885
2046969
2047467
2051379
2129281
2062833
2062991
2064460
2068682
2070507
2094624
2080619
2079185
2128346
2087698
2090420
2103322
2129756
2104371
2103113
2219196
2109766
2110703
2115415
2119688
2122613
2125475
2132337
2148932
2135770
2137050
2140322
2141309
2152305
2189360
2188650
2155836
2159789
2165810
2177950
2171957
2172293
2174425
2180351
2178514
2193887
2191175
2190588
2194092
2197145
2205301
2219264
2208445
2211119
2224951
2222629
2252582
2224189
2226382
2253986
2236696
2245412
2240122
2247541
2244643
2252441
2274662
2258892
2276461
2265243
2277986
2270043
2271651
2290701
2301745
2300894
2319934
2294130
2295350
2295174
2326177
2303094
2305085
2326618
2318338
2315940
2316341
2326279
2325573
2328809
2333945
2335935
2337666
2347390
2347049
2359378
2358334
2355637
2360512
2365129
2365573
2371919
2393587
2374849
2380767
2380613
2396079
2389665
2393084
2407491
2396193
2406013
2405799
2408446
2413601
2416022
2435794
2443809
2431654
2447021
2431378
2438014
2501526
2449677
2446740
2456295
2459652
2459467
2458489
2466923
2464464
2473430
2475117
2481272
2486972
2493000
2503815
2496325
2493451
2501217
2501594
2511873
2542431
2513271
2599496
2580502
2526161
2529222
2526620
2535501
2541552
2559516
2545043
2545342
2551658
2556405
2572011
2565768
2565960
2570441
2571859
2577817
2576287
2586441
2588360
2590764
2596560
2596100
2602751
2604745
2607588
2620459
2614127
2621758
2643160
2642909
2643067
2709945
2646109
2641558
2649333
2644028
2650274
2680063
2658540
2667853
2662886
2667794
2805951
2681212
2675133
2697911
2690821
2702166
2704329
2697298
2699305
2713083
2705910
2716480
2714752
2719728
2765313
2726635
2724803
2734704
2743584
2746808
2739455
2746516
2758280
2753381
2769899
2768090
2765819
2769089
2772660
2773594
2780187
2783217
2785703
2787762
2795237
2800528
2800204
2806511
2809920
2810057
2818471
2821721
2835357
2829606
2872071
2832123
2840743
2871425
2854383
2910101
2938921
2861076
2862260
2866147
2870221
2882936
2878134
2880921
2882514
2921800
2913913
2909898
2894157
2905296
2908984
2913769
2912290
2918712
2922801
2924216
2925548
2957786
2933051
2941607
2965878
2946214
2962681
2956867
2952791
2982978
2964793
2969905
2987460
2977678
3007611
3013807
3025980
2997787
3000128
3002736
3002098
3005746
3014155
3042721
3018969
3020857
3023586
3035364
3034232
3040614
3042484
3047516
3046946
3058475
3075489
3061547
3065609
3069190
3075534
3077546
3089436
3110781
3086379
3088740
3094538
3095789
3104433
3103905
3107185
3134522
3164232
3122551
3124142
3133662
3130247
3134238
3156202
3149902
3148751
3252858
3157586
3200424
3170286
3173227
3217124
3185022
3176441
3187200
3186312
3198969
3196805
3208646
3204173
3208668
3215061
3214738
3215287
3227585
3241985
3230436
3299841
3243288
3289360
3250280
3248821
3254704
3258210
3288262
3272386
3327711
3405748
3299095
3315454
3287038
3287590
3303999
3369963
3357003
3330150
3307988
3311360
3321114
3334342
3332380
3344367
3333491
3334148
3627316
3346635
3355716
3351558
3367681
3388679
3367278
3369359
3374092
3373835
3421196
3383603
3392935
3390317
3394635
3414952
3407152
3413331
3411421
3452332
3421355
3436574
3430312
3430733
3452870
3441239
3448388
3447345
3465654
3455570
3464923
3468078
3468352
3477421
3474885
3481942
3486986
3509786
3494734
3517013
3503330
3507361
3512225
3512871
3521146
3519088
3530424
3528665
3540693
3539093
3544262
3547986
3569570
3570445
3589597
3564902
3570325
3573458
3573336
3623584
4124505
3688537
3755033
3688990
3607568
3710775
3683138
3640847
3629495
3637420
3642978
3630936
3656458
3641949
3681026
3655894
3699149
3662632
3686224
3672396
3689344
3684453
3692116
3714015
3685183
3703881
3731313
3771515
3714707
3711587
3729497
3713205
3759435
3725167
3759405
3729679
3750888
3764402
3745997
3760009
3780676
3773649
3770850
3785854
3768500
3794713
3786400
3798987
3802626
3805733
3801909
3797287
3821351
3805525
3835483
3817111
3841245
3837487
3884251
3839290
3877733
3856604
3866591
3857908
3856347
3870689
3890904
3885490
3872371
3925486
3877664
3903809
3889690
3906445
3927891
4315698
4044435
3911447
3944709
4321893
4019067
3964580
3962090
4284861
4099577
3982009
3966582
4031203
4413450
3993077
3979762
3987309
4029596
4258026
4013100
4011101
4042089
4029878
4020277
4003126
4043705
7285059
4511350
4048268
4033184
4083890
4039822
4069148
4067547
4070642
4064298
4081937
4117951
4120214
4292665
4086629
4093798
4096399
4090882
4098829
4117679
4130441
4139583
4147937
4121244
4125288
4506716
4146474
4176900
4145028
4145434
4157934
4181757
4179093
4159786
4170032
4173032
4207289
4219197
4184202
4201864
4194618
4212827
4202729
4210561
4225497
4218009
4221311
4245833
4229414
4243217
4242070
4241554
4318620
4255393
4281724
4320449
4328075
4279026
4290628
4283755
4281651
4292902
4295042
4313005
4305186
4381501
4334622
4341259
4315261
4339492
4333233
4332303
4342414
4343670
4349995
4394394
4359602
4370266
4373653
4395989
4378195
4384129
4391415
4387982
4394361
4406381
4430824
4407901
4449136
4467105
4439898
4426034
4433504
4433908
4439937
4475238
4454605
4462034
4461243
4466726
4479164
4486201
4470612
4485465
4485654
4530815
4493332
4501427
4506668
4504099
4513245
4523814
4626389
4529029
4557261
4537164
4538758
4549372
4553735
4563387
4563581
6565457
4570812
4596014
4583164
4586085
4587373
4586989
4624028
4615776
4604364
4635384
4616988
4623365
4669346
4626335
4661315
4639309
4674756
4655074
4654286
4660084
4661428
4680428
4692903
4695339
4681109
4683692
4694787
4696764
4699951
4708217
4708418
4718309
4713352
4765616
4738746
4730879
4733718
4791974
4750245
4751220
4781205
4768672
4766391
4770552
4794730
4779681
4781650
4788442
4792265
4797435
4809588
4808776
4818843
4824494
4844206
4827451
4831336
4870475
4844913
4846621
4849933
4856943
4860614
4878458
4888900
4881874
4882052
4948969
4890037
4951971
4898196
4916834
4936388
4914321
4920830
4947935
4931310
4931482
4939659
4943289
5118633
4958540
4962051
4968542
4972243
4994818
4982989
4989956
5046578
5020665
4995827
5006943
5005535
5013297
5015643
5049667
5026351
5406920
5052496
5113477
5080324
5089297
5087503
5060689
5119939
5073967
5082820
5080493
5318233
5121370
5102748
5105040
5101136
5111033
5125445
5149875
5126079
5135014
5538141
5158836
5140655
5202099
5170198
5171851
5188064
5172292
5174462
5242838
5259974
5199423
5190439
5200710
5225054
5281789
5214438
5286015
5222621
5234262
5238102
5239397
5241185
5278531
5256118
5271612
5325473
5315439
5271875
5283126
5287611
5546066
5301962
5323465
5335376
5355547
5309171
5330550
5343594
5370098
5374001
5339448
5383068
5350369
5369888
5372268
5381045
5376911
5372606
5381227
5568551
5429169
5392559
5450100
5403118
5434511
5421047
5419342
5485462
5442576
5433876
5443429
5488240
5452658
5478464
5462452
5468906
5477132
5481365
5482445
5524621
5561607
5500053
5501335
5522258
5517428
5565432
5522398
5535062
5588909
5745618
5548371
5545994
5554224
5561050
5620875
5566353
5593280
5585657
5596866
5591893
5598191
5645926
5613388
5678319
5617425
5631652
5643742
5669802
5661437
5640470
5647816
5676136
5656999
5670850
5671429
5666901
5695497
5680532
5703865
5736896
5718957
5702648
5727201
5712479
5727666
5732426
5738734
5736992
5873859
5745683
5837712
5765280
5772051
5970405
5780624
5810381
5779172
5786120
5793186
5822350
5803434
5846049
5890379
5900150
5874455
5848639
5871340
5902343
5890838
5859659
5917607
5860765
5877401
5877891
5876866
5903192
5892457
5894185
5898699
5978187
5950100
5923869
6010516
5969337
5938571
5943669
5940073
5967065
5957391
8448900
7331895
5991898
5978035
5980861
5999703
6021355
5996030
6074881
6110219
6033004
6018865
6022073
6141971
6054854
6037412
6078100
6110952
6068669
6060329
6066856
6073329
6125811
6106730
6084160
6093617
6117820
6120697
6107715
6112217
6117258
6207612
6192435
6143247
6148591
6151350
6150226
6153031
6181941
6214570
6208200
6188485
6180199
6187647
6228998
6214761
6258349
6272250
6229246
6224415
6224470
6234358
6242484
6243081
6258491
6278031
6335058
6267337
6299253
6279272
6280742
6286060
6332198
6320134
6300536
6306135
6312178
6318775
6321360
6336904
6354198
6356705
6376780
6350571
6359057
6385059
6367068
6375806
6382072
6745120
6392285
6407625
6398352
6410224
6428179
6463741
6480731
6431217
6441462
6508232
6447159
6452522
6458282
6465708
6493893
6488009
6490170
6485440
6660552
6507520
6504686
6521352
6542619
6517681
6523705
6528995
6549063
6597888
6550659
6606130
6678757
6569563
6571892
6579041
6587321
6618506
6593105
6626142
6599871
6605757
6616331
6618385
6623454
6629621
6634751
7015200
6655719
6653323
6690412
6664858
6670492
6690477
6701016
6751349
6689940
6702107
6730691
6750369
6715949
6719631
6808481
6729774
6736009
6747219
6830109
6760789
6772505
6779449
6781744
6784688
6775737
6825489
6791946
6800578
6817645
6913431
6879235
7065971
6951412
6892901
6851420
6849359
6858244
7080811
6901407
6869417
6911091
7349001
7295372
6923631
6897193
7015555
6918147
7034632
6926807
6928759
6953193
7086317
7195056
7079195
6998855
7019468
6966653
6992283
7070909
7005628
7055056
7004745
7017957
7012505
7080110
7265390
7033847
7029662
7038499
7045449
7046460
7104485
7098572
7121375
7131525
7079984
7080512
7090543
7125642
7291341
7124656
7117720
7186861
7169440
7157365
7162557
7175075
7149010
7160793
7155407
7164464
7184628
7180108
7182112
7186707
7217966
7200086
7211688
7213701
7216118
7293681
7235618
7240587
7241358
7241991
7302504
7280952
7305665
7333028
7274956
7279161
7290582
7296397
7305738
7305859
7347152
7319914
7398166
7337480
7351272
7365128
7378010
7443157
7361707
7369897
7379272
7431332
7390092
7415380
7412165
7400967
7414943
7437480
7427767
7473889
7435205
7434793
7443923
7441089
7701673
7501647
7497532
7492496
7529094
7486582
7488888
7541592
7531654
7535189
7519749
7543532
7532365
7551570
7584770
7564348
7561186
7556566
7642031
7568769
7582883
7602711
7590438
7589115
7609501
7606178
7607637
7646574
7771455
7631005
7654580
7653741
7642335
7673173
7657426
7659461
7686063
7689472
7681706
7700500
7723597
7697977
7706778
7755981
7728785
7746608
7743079
7745804
7788949
7743033
7753183
7799850
7787931
7776982
7782664
7782814
7799096
7797282
7875389
7837753
7817933
7823694
7912610
7859324
7843514
7845904
7850583
7860177
7862496
7903905
7878373
7885046
7934462
7924079
7957502
7911277
7914704
7941577
7947089
7928856
7963476
7984004
7963241
7957183
7968973
8017588
7977849
7980015
7985714
7995381
8006404
8026419
8126718
8024352
8045356
8030183
8081684
8065791
8068784
8057453
8064665
8109041
8101665
8078729
8083782
8183741
8117961
8110877
8126611
8120797
8152109
8151505
8152941
8142843
8169073
8152185
8167112
8171180
8175820
8183304
8185434
8192877
8196583
8221473
8362143
8281823
8256114
8247309
8249170
8245273
8268991
8297273
8268446
8280073
8318078
8327887
8347988
8293836
8307443
8307103
8327646
8316623
8324850
8374045
8392762
9524714
8387418
8628335
8934353
8388647
8526725
9430036
8416107
8408323
8419592
8419340
9232530
11054920
16383802
11176130
10607664
15345378
15418549
8990080
8504154
8660845
8526193
8521422
9000326
8564348
8513786
8511675
8524564
8524089
8690755
8609244
8589049
8552551
8577776
8558239
8572072
8571535
8880182
8627854
8620690
8671107
8620461
8610780
8617872
8656766
8665536
8635770
8649203
8679432
8652800
8664902
8676120
8699741
8698041
8702319
8861762
8841655
11033461
8772964
8762364
8736644
8797921
8813269
8785103
8768615
8797747
8772959
8793597
8779209
8815040
8852399
8820533
8979868
8814860
8820189
9028116
9105282
8925362
8930946
8860481
8878331
8892328
8880910
8925279
8891064
8979179
8922834
8947772
8922995
8972360
8967558
8944633
8998459
8951823
8995324
8963717
8971471
9024389
9028660
8994266
8995917
9039620
9022245
9065352
9055487
9032892
9054406
9044697
9047163
9056041
9101603
9070979
9069275
9083701
14077632
9126767
9104761
9156036
9218910
9249783
9143115
9170482
9200297
9152293
9153716
9171889
9173842
9164503
9930234
9308701
9213275
9192496
9216837
9206376
9262108
9567764
9282572
9287864
9264700
9241440
9248966
9295134
9342437
9299054
9285333
9293628
9305264
9315024
9335969
9356597
9341836
9357960
9374890
9373284
9350216
9360162
9359248
9371932
9368972
9376962
9381215
9397586
9405560
9406703
9414865
9412903
9465466
9452246
9481062
9459047
9451132
9464250
9492261
9493984
9477369
9490049
9488136
9522535
9504454
9582766
9524875
9553936
9539563
10643299
9557008
9961948
9711195
9630637
9582006
9578227
9611067
9621913
9667644
9633659
9663125
9626308
9704540
9688580
9636269
9650870
9687083
9668373
9676564
9777562
9699765
9701442
9980623
9843515
9786488
9732117
9749215
9775679
9779995
9785680
9800926
9760784
9797326
9778101
9778561
9782505
9944577
9827765
10750279
10242381
9864104
10113326
9919046
9861329
9874667
9908967
9861368
9869486
9900036
9896677
9974958
9988415
9910524
9904758
9912052
9926220
9923953
9981054
10058332
10544157
10062799
9967065
10030284
10121377
9990427
9988166
10005932
10065351
10024722
10101579
10032873
10057306
10045074
10046482
10066696
10148048
10071028
10234119
10094980
10103890
10119440
10136525
10112455
10301179
10218867
10263528
10142118
10207563
10249500
10192567
10175153
10215724
10179693
10231041
10197537
10212707
10209082
10231797
10222703
10246140
10235964
10244345
10325949
10266854
10274822
10283081
10281538
10293010
10290357
10326791
10355838
10329115
10351201
10335403
10337136
10340005
10354306
10406546
10378213
10430608
10381352
10434555
10400191
10427718
10413764
10414239
10424981
10467480
10435008
10440476
10452678
10465475
10470488
10511114
10474652
10480856
10500465
10505391
10549381
10508672
10519178
10945273
10599296
10541598
10548737
10832870
10558163
10584274
10654669
10611945
10590474
10641236
10607254
10698936
10774274
10623451
10656409
10658880
10654937
10656682
10663334
10671292
10727126
10731037
10692451
10710095
10709833
10712041
10755840
10767366
10746053
10760529
10806771
10757198
10765618
10771551
10807522
10811509
10840831
10801921
10835697
10872609
10829486
10838119
10830534
10880435
10916050
10859792
10863030
10864921
10871780
10889035
10881384
10920377
10913049
10926179
10946139
10923091
10932306
10953935
10943544
10957102
10995483
10971601
10974818
10976034
10990424
11009375
11052777
11020788
11024156
11028485
11033997
11041996
11045039
11054565
11153613
11117611
11080447
11093119
11194061
11117694
11146060
11146439
11144711
11171979
11135061
11162811
11184084
11180550
11167725
11174204
11199369
11195415
11279536
11205975
11210034
11380718
11220315
11228027
11308691
11252495
11251950
11258257
11265831
11299892
11332007
11302531
11353886
11347655
11319196
11322913
11323740
11340934
11336310
11345854
11396044
11376285
11368398
11387458
11424742
11431733
11430983
11437343
11410719
11413996
11426667
11440287
11480017
11465601
11491577
11463235
11471892
11547439
11488038
11550348
11618517
11514643
11517279
11556839
11637165
11631102
11547965
11609469
11635404
11635097
11577776
11588523
11595200
11653932
11615537
11621616
11624084
11647800
11630104
11641287
11646685
11720478
11667777
11732508
11916944
11729172
11703524
11699559
11712990
11735197
11764071
11732450
11743864
11754459
11810249
11808241
11841753
11808883
11803294
11844559
11861362
11808638
11808235
11900517
11898361
11840947
11870756
11855321
11855851
11877204
11872721
11884168
11884698
11894000
11961400
11968734
11985719
12037195
11987026
11949401
11953800
11953290
11981547
11973733
12008935
12073891
12042952
12007032
12011167
12035261
12038069
12056983
12056323
12050815
12056781
12129778
12129325
12079527
12102594
12109759
12101728
12172851
12180859
12146547
12157494
12147723
12204286
12157427
12227811
12180463
12215819
12247255
12240791
12214085
12293326
12254363
12223942
12231526
12247620
12274669
12281121
12350028
12277390
12295498
12333746
12347484
12305476
12332311
12327789
12435172
12391147
12386716
12334744
12354549
12355986
12399959
12390607
12417506
12389083
12397687
12438934
12486392
12425043
12541399
12440922
12510571
12536055
12496120
12466183
12526801
12509615
12523356
12539774
12547746
12519405
12570817
12537083
12534678
12548684
12565978
12630323
12569480
12645045
12596074
12607881
12640814
12611867
12673737
12625450
12718524
12670599
12655019
12650857
12717789
12671910
12674768
12695354
12696299
12695416
12726809
12778190
12731309
12737491
12738024
12749973
12757507
12801166
12798656
12819285
12820168
12799209
12812291
12871259
12840490
12861266
12836543
12865380
12853829
12859228
12911308
12932741
12895985
12889550
12900380
12906918
12921570
12920195
12991599
12938617
12940507
13108145
12968962
13076854
13008276
12989287
13028930
13048820
13017726
13035017
13031554
13089933
13124179
13063031
13068149
13063767
13104547
13075217
13091835
13099529
13105522
13164370
13159293
13124935
13136840
13177644
13147300
13193148
13178900
13176029
13206025
13189415
13268991
13298745
13279179
13273316
13267690
13255628
13270939
13300618
13270168
13264889
13306417
13307302
13313045
13316080
13413234
13337714
13332342
13330908
13389962
13389407
13419826
13365607
13386705
13480725
13453711
13393615
13407959
13415799
13423908
13449462
13480318
13472210
13478771
13472083
13469825
13477931
13547964
13608704
13518872
13530563
13522632
13570366
13537091
13617241
13550428
13556060
13607778
13606927
13590450
13593567
13687150
13604922
13684376
13658082
13676791
13656039
13664567
13653516
13664431
13662401
13727877
13745733
13714073
13750269
13721299
13718159
13732215
13738377
13746975
13770998
13769899
13764851
13823301
13781575
13943781
13804701
13806107
13806933
13859731
13843039
13844198
13842338
13906192
13868066
13869705
13875966
13890831
13895998
14030042
13953039
13934006
13959910
13969573
13977713
13961604
13965876
13986799
14000929
14005089
13999385
13997475
14019203
14081737
14031257
14032007
14039779
14053670
14058074
14083235
14083674
14089333
14131052
14112848
14113385
14113838
14263049
14144838
14146609
14163428
14172851
14277976
14224105
14189582
14197348
14247547
14215250
14246261
14241980
14284379
14277134
14253790
14254317
14266050
14277510
14289973
14310976
14299051
14306677
14336300
14323245
14366912
14342451
14447406
14363558
14366409
14507688
14405139
14429170
14436013
14406419
14447769
14483884
14430755
14485182
14529396
14455663
14492204
14472052
14498117
14488734
14504786
14563196
14573697
14521252
14551511
14559836
14576701
14562052
14627205
14625846
14583506
14595021
14718220
14629645
14624109
14625332
14654527
14646188
14692700
14659045
14682126
14688800
14699617
14749708
14699657
14707847
14766963
14728665
14741209
14798463
14760811
14815559
14835540
14872724
14970297
14842726
14802398
14980948
14827278
15032806
14833437
14844965
14855854
14860483
14914879
14902559
14889100
14920347
15142405
15021562
14964811
14985035
14978286
15029788
15776203
14978914
14977099
15016986
14990503
15084530
15292543
15049828
15024456
15234504
15121955
15051837
15088589
15119510
15080757
15085922
15120641
15253438
15121117
15124815
15205801
15167698
15154632
15159999
15189739
15177185
15248738
15190466
15216416
15210249
15228139
15223984
15229642
15263384
15287042
15270507
15426148
15332248
15281902
15304380
15300416
15345681
15321245
15329707
15349667
15341226
15353786
15370448
15378196
15416265
15416667
15390589
15400760
15438096
15419284
15459816
15423903
15427228
15449013
15467051
15506273
15490384
15477069
15488735
15499682
15569257
15517474
15541457
15545820
16187438
15573459
15672480
15634478
15570149
15580988
15613707
15627303
15676583
15625771
15626625
15704641
15750961
15662158
15660197
15740449
15774603
15692841
15732743
15705033
15722104
15745038
15734213
15788292
15895766
15792641
15798776
15801720
15782291
15952825
15882819
16166542
16129236
16034649
15944944
15871666
15890224
15931383
15937595
15894797
15916240
16362887
15923661
15964329
16080001
15957953
15971837
15995824
16035697
15995914
16008733
16008307
15984392
16012181
17190023
16452343
16113239
16091475
16107280
16121708
16094857
16266044
16094961
16086823
16103603
16111057
16105746
16132211
16134776
16225220
16177857
16186475
16164341
16176374
16183428
16245868
16191982
16266570
16213217
16264204
16241328
16251363
16284772
16308894
16329699
16321773
16403986
16340173
16307415
16354870
16336628
16511405
16462869
16391222
16379971
16375162
16470084
16413227
16388645
16505672
16419386
16438520
16435852
16534437
16477675
16479118
16476512
16481744
16540600
16526166
16558932
16516537
16516319
16594744
16567431
16747760
16560659
16757811
16977643
16649882
16689491
16615803
16617626
16666578
16651132
16633413
16700108
16658766
16674760
16909162
16692086
16715652
16776376
16718507
16732470
16723001
16802768
16752543
16785479
16764767
16858166
17120531
16796859
16860217
16806461
16826777
16888840
16898708
16907662
16856400
16862712
16944880
16875638
16953170
16896117
16958599
17224804
16969337
16920885
17010816
17048851
16981375
16973640
17013535
17008390
17058133
17005978
17165558
17270812
17067230
17068256
17126063
17053569
17101632
17117839
17108589
17121053
17101643
17207135
17162429
17129553
17141338
17192502
17173501
17160507
17343971
17210294
17207622
17209178
17322764
17262076
17289404
17247870
17250396
17252069
17260747
17287037
17349150
17294765
17316047
17374121
17329664
17323736
17428683
17443779
17364750
17363026
17386206
17396339
17394857
17487831
17456238
17539157
17564450
17498470
17456840
17569479
17813881
17505049
17598791
17534507
17557661
17527248
17544055
17594015
17541783
17574871
17849731
17604980
17663369
17587003
17691605
17643000
17637035
17616210
17676356
17662819
17649397
17662278
17693043
17696834
17692353
17771729
17818436
17713430
17726705
17731002
17845301
17764523
17766221
17774800
17788490
17781310
17813397
17843781
17843717
17919943
17879483
17914954
17858488
17863548
17912851
17893748
17907885
17893029
17929427
17992481
17975126
17967712
17999413
18031213
18042352
17984710
18301450
18016731
18664453
18397638
18036933
18107300
18066428
18154367
18060737
18087364
18079526
18114265
18088845
18114837
18138477
18225738
18134022
18229408
18157401
18175090
18250365
18182459
18570016
18333233
18212331
18324885
18228396
18289063
18279651
18317726
18280014
18276155
18452532
18355892
18357820
18320850
18319708
18344094
18360366
18404013
18383887
18354273
18376523
18447681
18399431
18402524
18420781
18413403
18439353
18475255
18551512
18472484
18677208
18510140
18491147
18522573
18503466
18525965
18536253
18525591
18611712
18580329
18562373
18600546
18575433
18774676
18688912
18709079
18621421
18654048
18658685
18759483
18731671
18679807
18724550
18717640
18765408
18722007
18758909
18765943
18772785
18750590
18769218
18780020
18796309
18776608
18787886
18856043
18891761
18829494
18832292
18848948
18853032
18846827
18869748
18901888
18882890
18919689
18920826
18940215
18916661
18925294
19014244
18953659
19013500
18986539
19041842
19051511
18991818
18997066
19013843
19117250
19050887
19114309
19119342
19080688
19078055
19126650
19237297
19167695
19143735
19121790
19144549
19146894
19148025
19274213
19201353
19188077
19208970
19203376
19318328
19208092
19234290
19315812
19262677
19291762
19274267
19298824
19290302
19352076
19310235
19365980
19361334
19362105
19382264
20156305
19361601
19568687
19408608
19505176
19475551
19503509
19425207
19423545
19577375
19561438
19665045
19467236
19486667
19574636
19502715
19720950
19521054
19628460
19630805
19679187
19561121
19615377
19567912
19586421
19765713
19660342
19617380
19645760
19638316
19642088
19651249
19655487
19679243
19679032
19689189
19714569
19703992
19724078
19728158
19803493
19788216
19773536
19766434
19809069
19808754
19856120
19870670
19921394
19925767
19837959
19842306
19871172
19916545
19890048
19880924
19907098
19913717
20094834
19971533
19960520
20080720
19981429
19982541
20006168
20030975
20066220
20000324
20048970
20044141
20072823
20116016
20095590
20077649
20092102
20172164
20221524
20117783
20115128
20337336
20214992
20336641
20208370
20176969
20222766
20179764
20228523
20275688
20222531
20268557
20261060
20245755
20285006
20349848
20285840
20341037
20449262
20340113
20300285
20414064
20354663
20433172
20459934
20347672
20359013
20395206
20414792
20475381
20400072
20511011
20585969
20643175
20482668
20496050
20463554
20650474
20491898
20683119
20545969
20590771
20585675
20647723
20590635
20643000
20705940
20617060
20920490
20668142
20888579
20661774
20687060
20662725
20636323
20688041
20698903
20684255
20681337
20692622
20699260
20711258
20736582
20730142
20767396
20763030
20755354
20860123
20884402
20797376
20829182
20833816
20825220
20845017
20965332
20872093
20870220
20874646
20884101
20973245
20919755
20972974
20986299
20978902
20941683
20993468
20960067
21046909
21475754
21000471
21549558
21074333
21158347
21171508
21156201
21108208
21090748
21072001
21241841
21101679
21167314
21142707
21836322
21224606
21368587
21198067
21203855
21357994
21218393
21234335
21217026
21265336
21238676
21242587
21282868
21325441
21264482
21295758
21335114
21339700
21318334
21316746
21314384
21333464
21335532
21423936
21466043
21640501
21376433
21517650
21437443
21417274
21473823
21488391
21448387
21497798
21472294
21568963
21595609
21614184
21504884
21656920
21625720
21607975
21644967
21572114
21665904
21625230
21665458
21654740
21723604
21625398
21647469
21676399
21731810
21669086
21759680
21676480
21706012
21719948
21791674
21855766
21770479
21867115
21789958
21782997
21812547
21790091
21796382
21797661
21916886
21829514
23662581
21859386
22007555
21865903
21885053
21914020
21918751
21921809
22066656
22160976
21940307
22083341
21958657
21994404
22052051
22145586
22109927
22065020
22069791
22040433
22032613
22063273
22150692
22102805
22108902
22092553
22166811
22193499
22151055
22127099
22244543
22168629
22155133
22452266
22471429
22212749
22338202
22316514
22302608
22333177
22317105
22279326
22271820
22269911
22304723
22317084
22404876
22406273
22329391
22359368
22349120
22384614
22379300
22379257
22577875
22421767
22434655
22416893
22440976
22437149
22457985
22467602
22468164
22525485
22643980
22499588
22506799
22540407
22630976
22570109
22559921
22602308
22568577
22588282
22604086
22743618
22617640
22622433
22694630
22654619
22655338
22696638
22670656
22679865
22719419
22714478
22721624
22742834
22747665
22793262
22840985
22972915
22823554
22821822
22803340
22838043
22864683
22914292
23413595
22980655
23444692
22876040
23065136
22965710
23015183
22971889
22926176
22996639
23005603
22999978
22963316
22981906
22988961
23005331
23066023
23068294
23028831
23056323
23092493
23060521
23134773
23115007
23100244
23104041
23173793
23138769
23177308
23197091
23156889
23171508
23185621
23221788
23199204
23259851
23352594
23478274
23263094
23255036
23262738
23312616
23288968
23787546
23318840
23411798
23839871
23446997
23605211
23374917
23421958
23376845
23640051
23437460
23409164
23594825
23512626
23471497
23459671
23514024
23523228
23543043
23592902
23529866
23598933
23538287
23614075
23618001
23551255
23650614
23589613
23618623
23617671
23740314
23679214
23680421
23647726
23705425
23764480
23792320
23718139
23715873
23717199
23719813
23734365
23841481
23751842
23770931
23788862
23846064
23793850
23846477
23812496
23831434
23928964
23877791
23897781
23872309
23956876
23958172
23921802
23912704
23925563
23983506
23968597
23983060
24031001
24000079
24092339
23998816
24001140
24048255
24029686
24040248
24048733
24062019
24077840
24097638
24132978
24148683
24247351
24147488
24151703
24156406
24162396
24172645
24207705
24326025
24198294
24274811
24241818
24321993
24258791
24289695
24258799
24310926
24312568
24302878
24500286
24344566
24335506
24356677
24352112
24454575
24401703
24387645
24442782
24398262
24418660
24456620
24441021
24503010
24473036
24497539
24494686
24539990
24499569
24528290
24539238
24551569
24574055
24618208
24573224
24652894
24620471
24807382
24769721
24754380
24669147
24671260
24712691
24665072
24853507
24741841
24713342
25224003
24756906
24806871
24879090
24806793
24785734
24830517
24836021
25018903
24887085
24910187
24846070
24876444
24857136
24865711
24875473
24895671
24891838
25257874
24917928
25003402
24942953
25012777
24998044
24974010
24994700
25112788
25009191
25123331
25019059
25077856
25077094
25111172
25560419
25089224
25172879
25156095
25253490
25154478
25222414
25245281
25201026
25310031
25197778
25243249
25199051
25241911
25231901
25327447
25262655
25260568
25257451
25290475
25316902
25390791
25311331
25411433
25420165
25359428
25480374
25503882
25407867
25410626
25426751
25415006
25682088
25673705
25459935
25504214
25631869
25536883
25519213
25534196
25555402
25530775
25566450
25652149
25549114
25681659
25693049
25589118
25699821
25648741
25679488
25837453
25644512
25737112
25713253
25729453
25774470
25793654
25737069
25721733
25743002
25847649
25928867
25779285
25787293
25805147
25808818
25820527
25837122
25873406
25924934
25914408
25973900
26044075
25923324
26009994
26383424
26188130
26049869
26039583
26062136
25980849
26010345
26053061
26128672
26225058
26195049
26127554
26109472
26184018
26213844
26266396
26192022
26158432
26250866
26173148
26196377
26159582
26239256
26174467
26190749
26186662
26276159
26347910
26337736
26300991
26260340
26280781
26300387
26473165
26455772
26348753
26368369
26326560
26383029
26608845
26457807
26393784
26473963
26388111
26451712
26435559
26419429
26431233
26442012
26451502
26532110
26481661
26520865
26629847
26549996
26598268
26566361
26578406
26576921
26573170
26672869
26609411
26626455
26623788
26705244
26665054
26722668
26680075
26676107
26685959
26680956
26772597
26752780
26771527
26850765
26799502
26801437
26906201
38597380
26875380
27171794
26838258
26918620
26885383
26858501
26886712
26926263
26896542
26939140
27021046
26947258
26956561
26942297
27033238
26990596
26997050
26984508
27012535
27030336
27207254
27044703
27147869
27092839
27066029
27089528
27116249
27161165
27204230
27172401
27180201
27150539
27168813
27194850
27204953
27229030
27232022
27234746
27233513
27306356
27334949
27294165
27288720
27360689
27313011
27332555
27357522
27358750
27351257
27362916
27380502
27431846
27393598
27487169
27420739
27447390
27452670
27444384
27502472
27467641
27504648
27501157
27528406
27583910
27559608
27572792
27687110
27638776
27586586
27596128
27642202
27684531
27740727
27705909
27672376
27686229
27713692
27695149
27775920
27709658
27854239
27722252
27802064
27797702
27775114
27881436
27782023
28018445
27849333
27863049
27821545
27895885
27850627
27867662
27897171
27939607
27917698
27923784
27925044
27925989
27992080
27952142
28001729
28018573
28044214
28043035
28011933
28165521
28029655
28105150
28073877
28221621
28143246
28093470
28156647
28135713
28222745
28162238
28252349
28199343
28254832
28193876
28252613
28230172
28250608
28352250
28334840
28342858
28359350
28368272
28809387
28385652
28349832
28330307
28382960
28360870
28406539
28393383
28395044
28431675
28405714
28452103
28442486
28573005
28512636
28514173
28567570
28546985
28528622
28651076
28636962
28532118
28557963
28573993
28579947
28738857
28589280
28662689
28668752
28686301
28764023
28684906
28732996
28715219
28697480
28723140
28707239
28756637
28735043
28789622
28782702
28967305
28837907
28799759
28842748
29028496
28871165
28852339
28854360
28888986
28887598
28928021
29002467
28937079
28947114
28965654
28947409
28990953
29007875
32509832
29097936
29088698
29125823
29033505
29041577
29085650
29101817
29089010
29309857
29159433
29102730
29140564
29137691
29170223
29193214
29213465
29279577
29216949
29196986
29211269
29230107
29236958
29342171
29281223
29353391
29283746
29366861
29320434
30538780
29505233
29379725
29390305
29408938
29395909
29411136
29415073
29430458
29499809
29468640
29495081
29482991
29583252
29521593
29504597
29514781
29513586
29545667
29555104
29638407
29650512
29576405
29658178
29680254
29623337
29679580
29644754
29678419
29730163
29729708
29692184
29721735
29826952
29748528
29742201
29742754
29775548
29789328
29794272
29883972
29801474
29840940
29836950
29854592
29961485
29910519
29914412
29930675
29906655
29926829
29997329
29959342
29955480
30061544
29993578
30056670
30117487
30035228
30055745
30175847
30104414
30213814
30074534
30090542
30125153
30180573
30148518
30173611
30413433
30157661
30209735
30209268
30204298
30209783
30240636
30325028
30261540
30411785
30322891
30273699
30362906
30438183
30314698
30349812
30407641
30363233
30471794
30385772
30415254
30428751
30560900
30427490
30431846
30594924
30670767
30503607
30476741
30522965
30589296
30551619
30729646
30553053
30840309
30591717
30634878
30603480
30625987
30614057
30652476
30643408
30657649
30659638
30675763
30754445
30739222
30715529
30760707
30739534
30759291
30797144
30786810
30780693
30813002
30825013
31015116
30845714
30870735
30968372
30952831
30879538
31136393
30912955
30917193
30980417
30937939
31016391
30961508
31057824
30983175
31001023
31078856
31081990
31038447
31128700
31145933
31133036
31135479
31135225
31245317
31210306
31222416
31142917
31161695
31199797
31219196
31199524
31478633
31739550
31519174
31397850
31334719
31315936
31350064
31302690
31389569
31358856
31328345
31362706
31382959
31577885
31511228
31490731
31453643
31479878
31448766
31543146
31445353
31500726
31495337
31544646
31583866
31560875
31563710
31539363
31536200
31622929
31642682
31585844
31623183
31619956
31890924
31641759
31714654
31687092
31709438
31705823
32020315
31736303
31808985
31765486
31816735
31763982
31760069
31953006
32001750
31821038
31849930
31846415
31924973
31970442
31864948
31908720
31931892
31913764
32000457
31953235
31974242
32060949
32036876
32006724
32087244
32188528
32143395
32076027
32067523
32130515
32137301
32093827
32124308
32121813
32180631
32181975
32283138
32197086
32272709
32185683
32183149
32217370
32576403
32283850
32305502
32408387
32356474
32288410
32524907
32472670
32383389
32411122
32409988
32462995
32473676
32429512
32445764
32465792
32465577
32516811
32457617
32471906
32487307
32526847
32518851
32585777
32509030
32567527
32581805
32576165
32606598
32674952
32664331
32669098
32658145
32669788
32677934
32730089
32763836
32749694
32688321
32712121
32809515
32741668
32739069
32798871
32790516
32985879
32821131
32809783
32824820
32836867
32849372
32873428
32865540
32955758
32918483
32906006
33086541
32950108
32933775
32968692
32992000
32982027
33037939
33029904
33014107
33050127
33082119
33063097
33198715
33140668
33114051
33120945
33249918
33154206
43724529
51335197
37175141
33611557
38246837
34468834
33314438
34870013
34360886
33389669
33397417
33338013
33303271
33408415
33411875
33342741
33379772
37433190
33409708
33450286
33414751
33409136
33424800
33469525
33489356
33533147
33516395
33489826
33531526
33523399
34117470
33550749
33619035
33638867
33699670
33648164
35813437
33675336
33766119
33660352
33793529
33679717
33747692
34254278
33895199
33751884
33796788
33878533
33768016
33768343
33851820
33987597
33839895
33818736
33862997
33916935
33945770
33891847
33872371
35457526
33901827
34068374
33991261
33962531
33957634
34122698
33987015
34010053
34094198
34064421
34032765
34051402
34074215
34064169
34137216
34176620
34100327
34158730
34128721
34208085
34157838
34184578
34179938
34235411
34335400
34229916
34252548
34343935
34253449
34298643
34294485
34315300
34385597
34575576
34436498
34369266
34379490
34413387
34483276
34580442
34536346
34549391
34535328
34465011
34474794
34537287
34549130
34594323
34608573
34562067
34590909
34564998
34653535
34637519
34663740
34642125
34651508
34878528
37050973
34669590
34772004
34723336
34772270
34810385
34722509
34813437
34779590
34775176
34777201
34792650
34799970
34818125
34838304
34889297
34886557
34868234
34888453
34897607
34972893
34925939
34988405
34952916
34968283
35061884
34977909
35084003
35016638
35023278
35097569
35095529
35160617
35100078
35149340
35122415
35121136
35175106
35205942
35150096
35176915
35221886
35258921
35275244
35219133
35521436
35253747
35326123
35364890
35337502
35348376
35345258
35358531
35354320
35369179
36314773
36432236
35449823
35580099
35517787
35465874
35450919
35847949
35555509
35531743
35549376
35498144
35521498
35521125
35570134
35542368
35574601
35677030
35703428
35600179
35656169
35624151
35668667
35659161
35683702
35672735
35753289
35776098
35889334
35910576
35850450
35873296
35826031
35780179
35898461
35857126
35844745
35852017
35855640
35919206
35959263
35894709
35912258
35985413
35942629
35971458
35985996
35974349
35992646
36050626
36145139
36036748
36034784
36146925
36062723
36085190
36149235
36231670
36182694
36134047
36193953
36190797
36174988
36210619
36264164
36210800
36223993
36289192
36249165
36281452
36303896
36290548
36303091
36420728
36341263
36327744
36347722
36359948
36391122
36521199
36450752
36495315
37324658
36638381
36538851
36504839
37605069
36642641
36700694
36629035
36620950
36638893
36597946
36605296
36628263
36629493
36645940
36717491
36732899
36720455
36696004
36720357
36713216
36744037
36760181
36777115
36776238
36774026
36802096
36804589
36836215
36839285
37501626
36874364
36869344
36937666
36976614
36913614
37013062
36990037
36934597
37018856
36967572
36988674
37002978
37013879
37044568
37050852
37133828
37143198
37080779
37096116
37112971
37117755
37171563
37357409
37161150
37200443
38078685
37276863
37259778
37256546
37235258
37280870
37344777
37267815
37305328
37367842
37451871
37328345
37386911
37387080
37464250
37423773
37457336
37382545
37423247
37444378
37492392
37468328
37499605
37499744
37555859
37529743
37519216
37605372
37564127
37727698
37591631
37645063
37597940
37656371
37645600
37633024
37643378
37675263
37699755
37681288
37705277
37957226
37782779
37792839
37778505
37780479
37821057
37830215
37849072
37836186
37836772
37998052
37871126
38032943
37951993
38735876
38424087
37956758
38061756
37988012
38139943
38056657
38030421
38086994
38039623
38053577
39170697
38083659
38141284
38141688
38110700
38179706
38167138
38182544
38179205
38280308
38257562
38201199
38256376
48705003
38255421
38308599
38271391
38524058
38349759
38451827
38451877
38373715
38410703
38373915
38410363
38467871
38517306
38569803
38480941
38679725
38505122
38563638
38486305
38549642
38566574
38604620
38543615
38655172
38655550
38733764
38652366
38608616
38832892
38706952
38796392
39013881
38724554
38713311
38856945
38712954
38739078
38848012
38786776
38770700
38793393
38833548
38858524
38865298
38869166
38855225
38982347
38888375
39017494
38926292
38955537
38974012
40296152
39068351
39010386
39026442
39044534
39084531
39145204
39141598
39059144
39122596
39086585
39134059
39099582
39129695
39248036
39178299
39170587
39179790
39180877
39200692
39258387
39232719
39371739
39281876
39284120
39346548
39349103
39365572
39330268
39376736
39406722
39403027
39434673
39520368
39430935
39590076
39583610
39561107
39549742
39509434
39495683
39565746
39633595
39590764
39566837
39595251
39576708
39621356
39674603
39648015
39655760
39655115
39661635
39712762
39714853
39710163
39785405
39835718
39750257
39767120
39794302
39833384
39863579
39927697
39868008
39961879
39883457
39926416
39899170
39909518
39967421
39949322
40069423
40059152
40073179
39971751
40015300
39997206
40011352
40088843
40062853
40113826
40087042
40081060
40874805
41759097
40153044
40186009
40317664
40742367
40295060
40433518
40329663
40288163
40357053
40375736
40354482
40352179
40427579
40378227
40357350
40406182
40410836
40489082
40409612
40518183
40498604
40553048
40451189
40473320
40555347
40475774
40513967
40542715
40548568
40666711
40563018
40626340
40644955
40579361
40686731
40756973
40825134
40655008
40692901
40695577
40713278
40700749
40895823
40874792
40749324
40888952
40788085
40799609
40818012
40825694
40828131
40928759
40858706
40876158
40876288
40931577
40994346
41039403
41910028
41024812
41030475
41222555
41101271
41070564
41194384
41071375
41184253
41243019
41151881
41173317
41108171
41192999
41208677
41261786
41225903
41239739
41205097
41252894
41243983
41260412
41285730
41289152
41407066
41361340
41338520
41432680
41336082
41365833
41403244
41405241
41427867
41467066
41425042
41459910
41457993
41469125
41519710
41512400
41519553
41534091
41646471
41564610
41570132
41628849
41608933
41659146
41652600
41699876
41732418
41684431
41851938
41733485
41793098
41736939
41869605
42438823
41771897
42287892
41815207
41849852
41893574
41841872
41847217
41988189
41913500
41867150
41930094
41953444
41931042
41950864
42022241
41961459
42012906
44563457
42138685
42054647
42347790
42205907
42075980
42147005
42096081
42103262
42173617
42151020
42923141
42171470
42380068
42233014
42767820
42233724
42324871
42259410
42271176
43262241
42332894
42370268
42371613
42470627
42561761
42488461
42425172
42621760
42434530
42501530
42465695
42484109
42481491
42473650
42525999
42546998
42521799
42660035
42716696
42853621
42614420
42673747
42611099
42682199
42663608
42669336
42886006
42718587
42775210
43148859
42731604
42799654
42782822
43715365
43015641
42853158
42983786
42864230
42940638
42939034
42902035
42922263
42992257
42920680
44171565
43008653
43083870
43017953
43279758
43450845
43164213
43071382
43574455
43589063
43175608
43191823
43124231
43184401
43141278
43181755
43169132
43197448
43214797
43274048
43364081
43276389
43248155
43256101
43332236
43366091
43328916
43300325
45092390
43429235
43646784
43786808
43398399
43461898
43412329
43554773
43572019
43476359
43538158
43519689
43588200
43542156
43623842
43663899
43614299
43658741
43655535
43665962
43669252
43728350
43669854
43670660
43694393
43740304
44014368
43754038
43823959
45139838
43891325
43877720
43923588
43856430
43932412
43953440
43893049
43898068
43990256
43892402
43902838
43934348
44027586
44045155
43980134
44002620
44088189
44022029
44044910
44245906
44180801
44077536
44148234
44296800
44205253
44136174
44159338
44215884
44222252
45171124
44252092
44259174
44318312
44340422
44348847
44304753
44291592
44328072
44342372
44366029
44383133
45516378
44386465
44615895
44447649
44392111
44495296
44453481
44513285
44592168
44516990
44500150
44635607
44588019
44648402
44571048
44638604
44592858
44605398
44697147
44662630
46545955
44696123
44945985
44991494
45209600
44963343
44874192
44810232
45030365
45220877
44855855
44898779
44860611
44871190
44880008
44920305
44946667
44938247
44964989
44973774
45005446
45148864
44976595
47068668
46539564
45265126
45224242
45104507
45098851
45108335
45131703
45207517
45228679
45166918
45246857
45173655
45235193
45204590
47227899
45292827
45241471
45299054
45287895
45360089
45296222
45358734
45372152
47677264
45422535
45615975
45574844
45389812
45479539
45433512
45510157
52062260
45503905
45800589
45558313
45558147
45654970
45631589
45628736
45629889
45630104
45688646
45817633
45668612
45678063
45768227
45789985
46173936
45773541
45767454
45770806
45749515
45804028
45974972
45966123
48497899
46748896
45883808
45960381
45894546
45884948
45925140
45953536
45939615
46137080
46000988
46486192
46255410
46423385
46156198
46111010
46226255
46147000
46115383
46310973
46149937
46120919
46125258
46265475
46276711
46252975
46226355
46221179
46275436
46300515
46284256
46382254
46528900
46840455
46624527
46844016
46396990
46469958
46466961
46421158
46451500
46538998
46466434
46481568
46575781
46534775
46525045
46591035
46544832
46561364
46663678
46586844
46629084
47015793
46634939
46822493
46654963
50893106
46685271
46826316
46774188
46735018
46790293
46782829
46811669
46888361
46814878
48728753
46832544
46957552
46855666
46967429
46920385
46928599
46966163
50338572
47089370
47067024
47069129
46994197
47033773
47081862
47127558
47156341
47082138
47156314
47102146
47126590
47140647
47248377
47163193
47217774
47198672
47210976
47392398
47280258
47375599
47708259
47316464
47402715
47327635
47404874
47571194
47474687
47447414
47682518
47480154
47437452
47460258
47507119
47470232
47681479
47484197
47940290
47605759
47594186
47637604
47561661
47984711
47617738
47667151
47643939
47719263
47781476
47739861
47799862
47815699
47748491
47763330
47902343
47782940
47805411
47805282
47825311
47910611
47872427
47962355
47880278
47933274
47948341
47924623
47942765
47940269
47957005
48048281
48005413
48185543
48058487
48081230
48125338
48069351
48104793
48168965
48154973
48251133
48183929
48180829
48244413
48218622
48273814
48233976
48246880
48287698
48311235
48268613
48449950
48312648
48522201
48367284
48497199
48423178
48440692
50343795
48438519
48486535
48504759
48628048
48545061
48530069
48595381
48622128
48526241
48555302
48571948
48571481
48703180
48606540
48672806
48656332
48644013
48788748
48740436
48812950
48792724
48730627
48724066
48747173
48818323
48779767
48802699
51204943
49997068
48854816
48890489
48909030
48921690
48921826
49021840
48953742
49139572
49003790
49116974
49049883
49036067
49044823
49045979
49085639
49092507
49269794
49128171
49150963
50199866
49234457
49210821
49204993
49293002
49620112
49232942
49328022
49399798
49308311
49278836
49392809
49425878
49346229
49402661
49417713
49419084
49439075
49482284
49462674
49663943
49479687
49538847
49520070
49529402
49537707
49696811
49553539
49664219
49645456
49632973
49677981
49649375
49661271
49681254
49654199
49702618
49721626
49733629
49814687
49861109
49825499
49808476
49813361
49831738
49970928
49857679
50013638
49985680
49930399
49987017
49942991
51879458
49956566
50020060
50125501
50017339
50044620
50076964
60463252
50188463
51232077
50202323
50238843
50164658
50167870
50191725
50194000
50403524
50371734
50242034
50303677
50274416
50279746
50332507
50290303
50391441
50457555
50399325
50497250
50391545
50425457
50432405
50514735
50462834
50552597
50511922
50583838
50625926
50507428
50645574
50533499
50688237
50579436
50593582
50634475
50662343
50654964
50668819
50668147
54252023
50708614
50747965
50772840
50821826
50797393
50857726
50819150
50843364
50929320
50878332
50892276
50888591
50905477
50928335
50910476
51251897
51168652
51011092
51007932
51030247
51079453
51147126
51063934
51174096
51081717
51330801
51288126
51210514
51197710
51157678
51181364
51183633
51212838
51277194
51318366
51266383
51673204
51358644
51384370
51396985
52017698
51455102
51446607
51397220
51395436
51402979
51477036
51452231
51583665
53421209
51551587
51498126
51518491
51531563
51578605
51666059
51593884
51586231
52075852
51811116
51960656
52132071
51704380
51793696
51889321
51825203
51861475
51836774
51786168
51916957
51913618
52056501
51968295
51889171
51877562
51916029
51929208
51919473
52052028
52055227
51949140
52035837
51979955
52064195
52012915
52032788
52078128
52066752
52133583
52128417
52134379
52168977
52186589
52247445
52206452
52241640
52228844
52228293
52293740
52263397
52282667
52319953
52301723
52316242
52341070
52426211
52444509
52366100
52487176
52407744
52434239
52451148
52648571
52470089
52498840
52546421
52527300
52693808
52575219
52666390
52597358
52689355
52672536
52636327
52653708
54280528
52811124
52921698
53048842
52740572
52788339
52795048
52877471
53506606
52839553
52883662
52853277
53121337
52911554
52889450
52904080
53225741
53035583
53141019
53160192
53026671
53012336
53070980
53074891
53070668
53209361
53267257
57378595
105853772
63818562
53351813
53521525
53535835
53457920
53337821
53260476
53277537
53345758
53352820
53408291
53435582
53415046
53438888
53390866
53550569
53664408
53472035
53437547
53448421
53862840
53496498
53491260
53507533
53537033
53514416
53536627
53596401
53586475
54600865
53653403
53639557
53682356
53779046
53884132
53729968
53710241
53728371
53759889
53883925
53842991
53805333
53848343
54052204
53854119
54045479
53878169
53973590
53924069
53975860
53959756
54241648
54089803
54564704
54046462
54062317
54238037
55198815
54243356
54333441
54179842
54135327
54111632
54260144
54270423
54170308
54204448
54208331
54223307
54230282
54342751
54427578
54775560
54623866
54539525
54417886
54392143
54637562
54513616
54425075
55761889
54913827
54727428
54533480
54542938
54576047
55637028
54655921
54575644
56378723
54664228
54705034
54840829
54663130
54727315
54748335
54695404
54687767
54850601
54739085
54744464
54830544
54783797
54809999
54872925
55071180
54959174
54976739
55345864
54994466
55042923
55024441
56279837
55052181
55290221
55012860
55057828
55548482
55196787
55122520
55133412
55101350
56051427
55461016
55224757
55305859
55186833
55370526
55443949
55321525
55237179
55305779
55291831
55444649
55413520
55593527
55333398
55338897
55444954
55453113
55395758
55593687
55444118
56043882
56180608
56079135
55752340
55784205
55602730
55560951
55630831
55615559
55625855
55655696
55634946
55625508
55687256
55665638
55742780
55747911
55818404
57888782
56232513
56549391
56707509
56162503
56157979
55849407
55911414
55973120
56005282
55903656
55935821
55998576
55961894
56096875
56016784
56084443
56191589
56155541
59485519
56621645
56345906
56642864
56204061
56225948
56193780
56167989
56225043
56193117
56195183
56294517
56237171
56287472
56315267
56337481
56786128
57148073
57271634
102644284
129914766
71674881
56577629
56487277
56632859
56596188
56590024
56571548
56711501
56607785
56566161
56655325
56593730
58864182
56798764
56751590
56660332
56682171
56662108
56791108
56693391
56733292
56810634
56842499
56773418
58883539
57703060
57214251
57350130
59726343
58113076
59134170
58657376
58665544
57434617
57565909
57452236
57678144
57477569
57490146
57099427
57301733
57988872
57536115
57358872
57130483
57896582
57674872
58047112
58057616
57621456
57509171
60019712
68288035
85272585
71861494
70327076
58310342
57671466
57718305
57848831
57411601
57616602
57814908
62399371
58150201
64261111
58736242
58309256
73516643
76459399
63805279
61776679
60650832
60978574
60380497
59373866
58385168
89677180
71434950
57794022
57781372
57896489
57786337
57826531
57893668
57879043
57815328
57814768
57909915
57854010
57861107
57924695
57936402
57928176
57988023
58145791
58076281
58154241
60463167
67489156
76089056
77905684
80238566
60241649
63624978
59642737
61309553
64412779
63022986
61170755
63190655
58584932
58349441
58858975
58543089
58362847
58546379
58356549
58605490
58351662
58416346
58497477
58508163
59082718
69730979
65147282
61205271
59273862
61340168
61253429
62239098
61753790
61607123
62158734
60070433
59585969
59696950
61501705
62016503
62709957
62453099
60956742
70976836
98200176
62574701
63596830
60475712
59732930
61904874
61634125
62099163
60874413
59239643
74070702
68849560
80366388
59305783
59012545
59150833
65187924
60947514
61250563
61171383
59573248
61069294
61190730
61399240
61327176
61539793
61292160
85871240
93745485
158850410
152908813
117972730
81161444
63168176
81790276
60328752
59461892
59381602
61428379
62778493
61806046
62295478
62986625
62199257
70010824
67185041
64064722
59695080
59660610
60589307
61134693
62607116
61698313
61363630
62371144
61100571
66457944
75295177
62959882
63831845
63219541
62861612
63218501
63298439
63444839
62835361
63064712
62812216
82422743
72312043
65891545
59974201
60064209
60103977
60212748
63002971
62059105
60578054
61574921
61082443
61764605
62495944
73780317
70979814
60627660
62364239
62895628
62586135
64482611
61138551
67635261
70075266
61193109
60736820
61329874
62905925
64872858
62016506
63124019
63338593
65175074
68896595
60581103
60561418
60534605
60883902
61369993
60657693
60736706
60714653
64409605
62480210
61849034
62245301
63145806
61795172
63023823
62366383
61404794
60930420
62114988
62596385
62664602
62781278
61758646
61686775
62543503
61605199
61944748
61070895
61268102
61075686
61211707
61634431
61634130
61047787
61841171
61220197
62121463
61332921
61324212
61631843
61815267
61603287
61746444
61405322
61455350
61382926
61540105
61398081
61800193
61670982
63357688
75136547
81474680
63366108
61429307
61459285
62391059
61649242
61574367
61506996
61504742
62497991
92207221
65605162
61751635
61642421
61679906
67355348
82589246
98891503
84547807
102384345
66216154
61760514
61909197
71720367
82255481
63983482
61879840
61996704
62207737
63657631
63448563
62789200
62514594
62044929
79506896
87398517
92825079
136032323
168048061
175998538
110958380
62834510
63104178
62426165
62755262
62201004
62289189
62212433
62249535
62289250
62376834
62737691
62331550
62360073
62592515
62335729
62393028
62386340
62397943
62580443
62878380
62575347
62809059
62532658
62564151
62530733
62523117
62632039
62759634
62633633
66065894
64182508
63754439
62753835
62659895
62655103
62746683
62842163
68149761
63669454
62912583
64447418
66934887
65762825
64498481
66967867
67840025
63103293
67093729
64445236
63289080
63792627
63202220
63074918
66167252
63281299
63121491
63278278
63326551
63187076
63414545
64680481
63324049
63375860
65325863
63271878
63616963
63649201
63259382
63276270
63524528
63276970
63440581
63573608
63532468
63547745
63405685
68448476
65985379
63485364
63783103
63763085
63729687
63708119
63532171
63523905
63868367
63760282
63664516
63613272
63717377
63750128
64175408
63793845
63763259
64241892
63872660
63892309
63889599
63831108
63870412
63856650
64052256
63888570
63923220
64565485
64237114
64165332
64778045
64149241
64290531
65076794
64177480
64102834
64444087
64190409
64129765
64199582
64370595
64484472
64390206
64963247
64221155
67619834
65093520
66781386
64659719
65322891
67161667
64411179
64660516
64860901
64757377
67161931
70491471
64935213
66281899
72504983
78892643
97301727
87143002
98277873
106718247
92640359
71284235
68171468
66412311
64761182
66599242
94442197
151110019
104453322
67220221
65476884
69413041
72106917
69805906
76276733
71811451
66348573
64946741
73827297
72391201
75908531
72177941
68276264
85554598
88826141
71909646
67676381
65609453
65932608
66908968
65483615
65663499
66289677
65406280
71464462
66795094
65981742
66467170
69616393
65714550
65441400
65522824
65272362
66193355
65907300
65378982
65431951
65558459
65580240
67855070
65593261
65661034
65605993
67036716
65556388
65552038
65575117
67042181
81913757
92720620
95119309
75566369
79294916
82466535
76510049
70296095
66903941
66361682
68290281
69347973
65960163
66403758
66261491
66113712
66273199
66818641
67133621
76728066
98898754
94550050
87573155
75410599
84808676
81804294
67990031
67279277
66335402
66314145
86116142
119388432
77341543
68848656
70979938
66340779
66291365
66676755
66417761
66482365
66832563
67030201
67069141
66969016
66806179
66669753
68863191
66934808
66981075
66656794
66607256
66519095
66678475
66796149
66736366
66771554
66954714
66816092
66809112
66931706
66798434
67569783
66845142
66806888
66789145
67168952
66804785
67054186
66807944
66789926
66798306
66979084
66989617
66994517
67744730
66919378
78568250
71404814
75620277
74879702
73493225
67027987
67416551
67087437
67262474
67098860
67116389
67128745
67155849
67178979
67339243
67413826
67420201
67328528
67323272
67284342
67362383
67521790
67374823
67403530
67553353
67480533
67604743
67675770
67707814
68030147
67641952
67661355
67666458
67804118
67756889
67568170
67632748
67603695
67632234
67647100
67782324
67706463
67960433
67748129
69177440
68074108
67784185
67876058
68051658
68104951
67832957
68077812
68055587
67926020
68067538
68129067
68082717
68684908
68184884
68650930
68179474
68269035
68135925
68092732
68133953
68115505
68205478
68135275
68369606
68200021
68305101
68193803
68332845
68581452
68313499
68380007
68551435
68608404
68418172
68533520
68421868
68447108
68442540
68753265
68590871
68513391
68772417
68519240
74101565
68529869
68619746
68647827
68643570
68641791
68636189
68817622
68802524
68679002
68695720
68762396
68785686
68786791
68898867
69031438
68836579
68876374
68924859
68882966
69076031
68924052
69034482
68956630
107158418
112434233
72636655
69070680
79539479
69216960
69703974
70881977
69246130
69127336
69404486
69177986
69185652
69346182
69294027
69221946
69418728
69319616
74499665
69378830
69353026
69325608
69442318
69403569
69434157
69521632
69944268
69590792
69611591
69536920
69517475
69715957
70436707
69849658
69727826
69634834
70283576
69736030
69695359
69800168
69882962
69844279
70313646
75514733
69872333
69797480
69955977
69946001
69851703
70032442
69893130
74326478
69994567
69930884
69975179
69955267
70197111
70062005
70065277
72050585
70176828
70422397
70298959
70339154
70413980
70158909
70181518
70240316
70286504
70337631
70283768
70316772
70444993
70335559
70375313
70535891
70429250
70474682
70462744
70380867
70417823
70571016
70465893
70455572
70571846
70555576
70554028
70706284
70971471
71210669
70919250
70658125
70663137
71384710
70725513
70797590
70722570
70894430
70918983
70865196
70959657
70942481
71111864
70935949
70904016
70954579
70906341
70948479
71039602
71058969
71018265
71002346
71169982
71094994
71274112
71396393
71181897
71548051
71290571
71217169
71326861
71399957
71228824
71226131
71258740
71264396
71326256
71396489
71483035
71422208
71596559
71828866
71712140
71501732
71458867
71433752
71746312
71643827
71581018
71520760
71686080
71635923
71658837
71643790
71769226
73057795
71741949
71760520
71685993
71900814
71890902
72013623
72235446
71985170
71827037
71840998
71863773
71934599
71976259
72241019
71968068
71976330
72007774
71940642
72111877
72018116
72052494
72182036
72087809
72182174
72268095
72141586
72803626
77624148
72265286
72346086
72290586
72276060
72265409
72306836
72294294
72276603
72274869
72448895
72512306
72434589
72381052
72862543
72503953
72674489
72492583
72595567
72772426
72566597
72542632
72663905
72569251
72620662
72667882
72789175
75232900
72824107
72964338
72719266
72782569
72938350
72803244
72741137
72816135
73148115
72868658
72959466
72958890
72963723
73473283
73094649
72926518
72989801
73396046
73989063
73398913
73032079
73287616
73121266
73537321
73239770
73397028
73300897
81694432
73358061
73265751
73372212
73327877
73317106
73537413
73395364
73303055
73313139
73459173
73549036
73399834
74010318
73506291
73528959
74212527
73748536
73673635
73681318
73515337
73528045
73667360
73673779
73684082
73626031
73774892
74375936
74022579
73894508
74103977
73866656
73754436
73914107
73850997
73861529
73974624
73881592
73971534
73922958
74259280
74201138
73953655
74167018
74041244
74052048
74466258
74097005
74311621
74091787
74118775
74306401
74143338
74365147
74597916
74550547
74600398
74556964
74311158
74371346
74381426
74478920
74622162
74431725
74396863
74607507
74570861
74876705
74612727
74489442
74596514
74532856
74498786
74538548
74643676
74587627
74580142
74763686
74699488
74698787
74724685
79450686
75615772
75636819
74792579
74818688
74744391
74885395
74896810
75066830
75103291
74917609
75223538
74908563
74977998
75010284
75033457
74972017
75116134
75071165
75071184
75591282
75204561
75156628
75429649
75167160
75173198
77693450
75209679
75349181
75966202
75564474
75328898
75293060
75636644
75415416
75483142
75526392
75415438
75457974
75519136
75561203
75647949
75627816
75577078
75712051
75526536
75648135
75680985
75730773
75757978
75704385
75704787
75645929
76155294
75862985
75967547
75902898
75787192
75870494
75802637
76158178
75846147
75998664
75913285
76059923
75985502
75947115
76006517
76000153
76258130
76125480
76029419
76222738
76127898
76638437
76263697
76207743
76432510
76156792
76585169
76340528
76362228
76410492
76319343
76253036
76293935
76460085
76457340
76354364
76608844
76398174
76456023
76535750
76697740
76507251
76605677
76587483
76817899
76540298
76580198
76583550
76623323
76831973
77050678
76780356
76835831
76754071
76873878
76908952
77699585
76892404
77071402
76873174
76982644
77027986
77158071
79894429
89280318
111645824
99987768
104727010
86755817
77206513
77361748
79671426
79209841
80525490
80926841
77893717
80557345
77894017
77556418
77386837
77328491
77273621
77372607
77281366
77374426
77407857
77423021
77452566
77403391
77701921
77549994
77572817
78668327
77589475
77681683
77494679
77548275
77609612
77696034
77877326
77732549
77728025
83168597
78422521
77738391
77680052
77770629
77928364
77882892
77944620
77847553
77813480
77850552
77898297
77967189
78069891
81624782
77971712
77985217
80214060
78117264
78091602
78063316
78051675
78163237
80301291
78214679
78165325
80318220
78334544
78335740
78395963
78311648
78339081
78284055
78400901
78297544
78322067
78329916
78640218
78548798
78770006
79013534
78479201
78519885
78716885
78583611
78560897
79550979
78570934
78618269
78622748
78653469
80872390
78697807
78759839
78670593
78801964
78931807
78820279
78910581
78872219
78951924
78886353
78895575
78879313
79163851
79014104
78951519
78942503
79072370
79018140
79136087
79138842
79039433
79189677
79239593
79264492
84581476
82623177
79188273
79319639
79228112
79361819
79293505
79421045
79596694
79352328
79579935
79428502
79466947
79476371
79583363
79576787
79484287
79542340
79625494
79616751
79629188
79547195
79581477
79634268
79797895
79806492
79745195
80666562
79845385
79793032
79743267
79819529
79915223
79847998
79903680
79919511
79899042
80011280
79900334
79916795
80015346
79970426
79956309
79982142
80060426
80011123
80045830
80039564
80062541
80158755
80370515
80202551
80593327
80212754
80230768
80335122
80268295
80344494
80506588
80354853
80336065
80371174
80379172
80365749
80939475
83195981
81386534
82727789
81841693
80848981
85818984
85112725
84258617
83353963
80715314
84248932
90835911
80895482
80889293
80909338
80846373
81080096
81409512
82132898
81261313
83132653
80912425
81165565
80983150
80863541
81200794
81021798
81092404
81061164
81111492
81060349
167026151
132375857
190825115
106405019
86531129
81225487
81548849
81310242
81405545
81511549
81995162
81419676
81568906
81991085
81523206
81375312
81347739
81486858
81560532
81428208
81645381
81488406
81642559
81562198
81559285
81929745
81707380
81855592
81684635
81582299
81596612
81683270
81631360
81716479
81693467
81709088
81859683
81757251
81759779
81764035
81781439
81834361
81942455
81933041
82048944
81944297
81970440
81969277
81950585
82230947
81989278
82205255
82142815
82112844
82144712
82187932
82111646
82172181
82227886
82198859
82218119
82430410
82412455
82325685
82326580
82323145
82383763
82335926
82417805
82384610
82379047
82422512
82416331
82505264
83517614
82529695
82527259
82523425
82525979
82596471
82734625
83226940
83895608
82830221
82901362
83121778
82965924
83047988
82842019
82796878
82910496
82896778
82823668
83081854
82899141
83020237
82956910
83069571
83186816
83177526
83156365
83069155
83347729
83111207
83136456
83277718
83163705
83130043
83338666
83444657
83171857
83367345
83232641
83296441
83255603
83425306
83393473
83417265
83611986
83475658
83529424
83564182
83704351
83670803
83630618
83500965
83551171
83702597
83618706
83670388
83586882
83631837
98238096
83727247
83733838
83683904
83877357
83795485
84031844
83951308
83880048
83960520
83875174
83885572
83986059
85794734
84410781
85393298
84401444
84953899
84992647
84131745
84718488
84152019
84163973
84149740
84495145
84429600
84349539
84877387
84284207
84426336
84393198
84702744
84477734
84508740
84353821
84457805
84672975
84732457
84596695
84619921
84504205
84492909
84635983
84646890
84625797
84622152
84558681
84688935
84693543
84712492
84767585
84733123
84719591
85081206
84990265
84858099
85138992
84890079
84956944
84887800
85304556
85094628
85161416
85110548
84921721
85019979
85023752
85128860
85046514
85476127
85193166
85163743
85345755
85333844
85458565
85554561
85433345
85476676
85226514
85322096
85340305
85474808
85462852
85387322
85450647
85448462
85431915
85418470
85399617
85591494
85649237
85448308
85593915
85607199
85825264
85702716
85653685
85889173
85839358
85697144
85947321
85772702
85729688
85827589
85944352
85780879
85940679
86498078
86369515
86004728
86174820
85871262
86074779
85982408
85973742
86122321
86027109
86271507
86247435
86234057
86432115
86268488
86219845
86273420
86264333
86218326
86315650
86378271
86316298
86417886
86510191
86533860
124187174
86447938
86500985
86449491
86397039
86537505
86766158
86649127
86580493
86612778
86524715
86584880
86683492
86677823
86661320
86865420
86763113
86693906
86767770
86791450
86828892
87049387
86925279
87073430
86993439
86887373
86979107
86917201
86974099
86855124
86910583
87009076
86966559
87145021
87011929
87017882
87024993
87061076
87107594
87094994
87100739
87156931
87133133
87269832
87480113
87229913
87216442
87312635
87444320
87406198
87404316
87381852
87394630
87425381
87395868
87480046
87498824
87536257
87471004
87497089
87495844
87526385
87616513
87977679
87663875
87791320
87712341
89090625
87838820
87783935
90316703
87898541
87863033
87968297
95726013
87867213
88085584
87895196
87939337
88056459
88136993
88037989
88058741
87996390
88196696
88166100
93587817
89169688
89035422
88451776
88461116
88653848
88285625
88394351
94205016
88294540
88516271
89322386
89458513
89264645
89189426
89293050
89293599
89228041
89329156
89503512
89405036
89381518
89453882
89523273
89391662
88870963
88663373
88678478
89544050
89358599
88784446
88813032
88910158
89755589
88853968
89017337
88866838
88866679
88876447
88905590
88914556
88967452
88991478
89068123
89394303
89084390
89038440
89012984
89094921
89129944
89181611
89278802
89201737
89357790
89281977
89208579
89281027
89304562
89443485
89327208
89280878
89332792
89375007
89341257
89397940
89541172
89460064
89504983
89547227
89477748
89528570
91190085
89873346
89616964
89704069
89713999
89756359
89695507
89805110
89743701
89807183
89950870
89836135
91434649
89861863
89865624
90655205
90019834
91071328
90008647
91761103
90059644
90133705
90877904
90164517
91175068
90646862
90150410
90817691
97349707
115701969
106369946
94379958
94412712
90596839
90320400
90673699
92204437
90501608
90497120
90821180
91317914
90702633
91166318
90909166
90729753
90655794
91045506
91315610
111970652
112420749
92461188
91239671
90936543
90644313
90823270
90766092
90743664
90804074
90862575
90779465
90840307
91024640
90992892
90839915
90853252
91240486
91076781
91207876
90967134
91001770
91104237
90996240
96660948
91234575
91207590
94732541
91587266
91239306
91411153
91488239
91317026
91358657
91331999
92043613
91362408
91488064
91428884
91395029
91408785
91428940
91586930
91477829
91493638
91543782
91549577
91530010
91563099
91748329
91651558
91888180
91820443
91676226
91765454
91760437
91730272
91797034
91788091
91839544
92016556
91826967
91904591
92028475
91852967
91907247
92064520
92278172
92486151
92643990
92026671
92223751
92709051
93014166
92502571
92236552
92137709
92400829
92292505
92765946
98834916
125179307
117913819
97924030
95247285
92468880
93016159
92875559
108025899
120445114
128309474
126210006
114019506
96717427
95170095
98859480
126700877
94135853
92666752
92721598
93131321
92991373
93277003
93774776
92804539
92924447
92915167
94130413
107265244
151631864
129435600
101467846
94867256
92994271
93359091
92986119
93009453
92999560
93498315
97329131
101823855
104866021
100356307
96083406
96247513
97745809
99722267
96166195
96650648
97814263
102690780
164346052
122651102
94815008
93798790
93489300
93947688
93460488
99364837
162205650
125661768
104239948
98492972
97522070
102101591
94983906
93651634
93695826
96313141
97171282
95025977
94115435
93957811
93865822
93888634
93877599
93876145
94077084
94152992
94795502
97452555
95383375
95321857
95598399
95403053
95475742
97725590
112412902
113236807
104270583
98782425
97612572
99814962
94305190
94239146
94293024
94622060
98618541
98731183
97801372
95398151
94620905
94529453
95421836
94540086
94500598
94450896
96015025
97315738
139870186
112558272
99093027
97024862
95579678
94692714
96043495
106121325
114201809
97961473
95651539
96289354
96396255
95994306
96996771
97544783
98203660
98910005
97136269
97058663
95245604
95239067
95119271
95149774
95129135
95114976
95108859
95154327
95469070
95162872
95908469
99187037
98829994
95998097
95365324
95703350
95492971
95527743
95407619
95576999
95475854
95717823
95601675
95991515
96729895
95520285
95512331
95573361
95944842
95648931
95797801
107445430
108246039
136821988
108701937
103504811
105978064
102738599
102811665
123408893
98499467
96109442
96238042
95985404
97317026
96547760
105313070
129228290
123211273
103789800
100316001
98417460
96843727
96434119
96620306
96567493
97250625
96754859
96984733
97045289
97132150
96966432
101480004
98611757
96680261
96700209
96784995
96618086
96936869
97436072
97217488
97871004
97417931
97337141
97155114
96781030
96793251
96906299
97020335
97043282
96945716
97133825
96835685
195574989
164297135
96915037
96932814
97265270
97220954
97099436
97101823
99582757
97185525
98812220
123303139
121236414
105675189
100416559
99370741
98161118
97432075
97324718
101280411
130998441
123054184
119550552
105800808
141964920
97689138
101163787
153468550
102497344
99605262
97446798
99171110
102616686
97998711
119866186
97553556
98791005
97583832
97594471
97661542
97687468
97704188
97691691
104861055
123277125
106949498
105887247
116112812
118295509
98135200
97879329
98678886
98119930
98570668
99090376
98111777
109692793
98476759
100948984
124274382
129020735
106550325
102330736
99541092
98606027
98544128
98491103
98396724
98310971
100070883
98781718
98602708
98413369
104640740
99020625
101205874
98481114
98690300
100313774
104400373
99546635
104097596
108718335
101987215
98985209
99121816
98768842
98756312
98755023
99934304
101098122
99544390
98946639
98963671
98903809
116653485
128237804
100392691
110793658
107544712
109680695
131172887
106384334
100032645
99338347
99192860
99062633
99345987
99087317
99142249
99131787
99296414
99188272
99210570
100808868
99256144
99276212
99357636
99606439
99366635
99456403
99515932
99918790
99458368
100029057
99517641
99618798
99547511
100945335
99772856
99957880
100103219
100334754
100153758
100261141
100317065
100075903
103205840
101503992
100407406
100228823
100347733
100137715
104108259
100125936
100036304
100127125
100058370
100041610
100222705
100077658
100176214
100043335
100536520
102934916
101133712
100826223
100383766
101828119
101083412
100737193
100642101
100596432
100763070
100790241
100598406
100863398
100556857
100599291
100754533
101047921
100694010
100664336
101294775
100796032
100938061
100915781
100795367
100710421
100851316
101521315
100751104
101162086
104765228
100998363
100884265
101043288
101219627
100928421
101606896
101433123
101302923
101369604
102293449
101292164
101086581
101305478
101106288
101122419
102099381
101216839
101475893
135357164
184735403
101641577
101324014
101299790
101379002
101366090
101484701
101410649
101689405
101614759
101621554
101537326
101980378
102735089
101825104
101739681
103793977
102541535
102471429
102178625
115096726
105256417
110390435
105159416
105384121
108839721
109278525
130002552
102414522
102533207
101963323
102111852
102063098
104777926
102148038
102349271
103716172
106586675
107722552
111497118
103150661
102484535
102219909
102326973
102369261
102289457
102811815
103585553
102487971
104316562
102746142
102574125
102586738
103317440
102904768
102658329
102719009
103144715
102695089
102785512
102690123
102668895
102736234
102781348
102773731
102718114
103851814
103419917
102939352
102783097
107738776
103523034
102922615
103524595
103108128
103117363
104214398
103977745
103257214
103141158
103010793
103173395
103155435
103324656
103058410
103228695
103845991
103189516
103304141
103353777
103727070
103680147
105468024
103624640
105013858
103966162
103558545
104071699
103996288
103874002
103590299
103521451
103549687
103553238
103525747
104117365
104479216
103903473
104432094
103735684
103838256
103994965
104192880
109160632
111910228
110066334
110116455
105542243
104595978
104258850
104501835
104513884
104433625
105947919
110627188
104317787
104628055
104524391
104323422
104643796
104336524
104947004
104601881
105174882
104589431
104756376
104389653
105529853
113832223
126696130
105863958
105282100
104421774
105529983
105112823
105030938
105666962
106091249
106313954
106844545
105539111
104632952
105394043
105165652
104613763
104847514
104808157
104963645
104902505
104874051
104916320
105089496
105697713
105792036
105201930
104866356
105100625
105090657
105547657
105163377
105336817
105278496
105566368
105184594
105099318
105162993
105536511
105335654
105598226
105458020
105395549
106792794
105242869
105523551
105933597
105500984
105698462
105441711
106850996
106208818
105913715
105714460
105665174
105618693
105656861
105977558
105790409
105674952
105742988
106375642
106179563
105991864
106280188
105999003
106063855
106083592
106484523
106220555
106144463
109219843
114802058
115970386
109026852
107286310
119605342
114641709
106570046
106734120
106979038
106892691
107154725
110931402
111097044
110934803
109959252
107584607
106551684
106639722
106812769
106666118
106933716
106676362
106755399
106545273
106468132
106400332
106549711
106650712
107000812
107451140
107140601
107174680
106893802
107371980
106903700
107228182
106992290
106991967
106824835
106947712
106916165
106853922
106902326
106920155
107325795
107191427
106951363
107096966
107299132
107144784
110897035
107283632
107064574
107473250
107523216
107562976
107692507
107736715
107497412
107309820
107616261
107318183
107489340
107824814
107745108
107901685
107716148
107811919
107611430
108104415
108301496
108470489
107783127
107752070
107689224
107671374
107808272
107682526
107849449
107785805
107984257
107845678
109294565
111619283
113055036
116120134
113730383
113044856
113345940
111528006
111080579
121260566
109704440
108340135
108164254
108122413
108079439
108179466
108115247
108189358
108170911
108941671
110447878
110076670
139798730
158966100
109105933
108909669
108589252
109167710
108752814
108559477
108759455
109103618
109200805
108732975
108863041
109582923
123101719
117562200
122619388
112544454
112072592
109290881
109524006
109406774
109793383
110906478
109263372
109708445
109720732
109114436
110387283
109072405
109307863
109252553
109346279
109368849
109505558
113700402
109500384
109293537
110301744
109669674
109622599
109708267
110322909
113179492
110451723
109723362
109956482
109926381
109598787
109520998
111074994
109701043
109591527
109535317
109796903
109583353
155057524
212505140
110739000
109752531
109873918
109852705
109915509
110138551
110083298
111456482
112694843
114208307
116713496
113348751
119056148
119566095
111888326
112278255
113596082
134108011
127749872
112558160
110917031
110447370
110678100
120551698
113935918
111216758
114016720
110780265
110577506
110423042
110488636
110453815
110637993
110500128
110877411
110863522
110605901
110587667
110516085
110588632
110761237
110717651
110470628
110516643
112555731
110796162
110731751
112480659
110829920
112595382
111445019
111715785
111023239
111880931
111197197
113243267
111129682
111134923
115282490
111219477
111038056
111082476
112048689
112832701
111345230
112419760
111389663
111043397
111236650
111598318
111518046
114604183
111465181
111477292
111489189
111335322
111363096
111357139
111508216
111469124
111843953
111636312
111477859
111592332
111498357
111723233
112301941
111644337
111857510
111726502
112054831
111774197
111864557
112251989
111825234
112202267
111769542
111855338
112185288
112185043
111967851
112112509
111931317
112138680
111938728
112082540
112139736
112265525
112577951
112282331
112084269
112225863
112442106
112228025
112259631
112320483
112422394
112431694
112238884
112364204
112568510
112664878
113007687
112468483
113003830
112733101
112700588
112613083
112664149
112900884
112831324
112817334
112747583
112999715
112872303
112724107
112984014
112993131
113028716
112817655
113073357
112961580
113327384
112982411
113243956
112955221
113117249
113239646
112946945
113223153
113104832
113521589
113169849
113306431
113114065
113228019
113226541
113709695
113322256
113439825
113778500
113485754
113405815
113861270
113389067
113425640
113440957
113720783
113647196
113604030
113698491
113538908
113632965
113553381
113669128
113772601
113879188
113868725
114126547
114136293
113959207
113841986
113952210
113897253
121401032
114173279
114409238
114453182
114365020
114760306
114271115
114830728
114815060
114275096
114101759
114379007
114204118
114313963
114332360
114224725
114533295
114423851
114426220
114367293
114444010
114469738
114355053
120824381
114562981
115102106
114452039
115373722
114940779
114755933
114633377
114823083
115079294
114726844
114586991
115024117
114933445
115012043
114973878
114861401
114873961
115220898
115168688
115542336
115022868
115129092
115509126
115262180
115480764
115237293
115161863
115299930
115482688
115640643
115295504
115378238
115692698
116228462
119568859
115571892
115747484
116428809
115900667
115845490
116275130
116027407
116192114
115664011
116503837
116234774
115669580
115687694
115896587
115929753
116075427
115786431
115756308
117775949
117343848
117054846
121828660
117061329
116313860
126796824
116801581
116563143
116396733
116167697
116709121
116508812
117079585
116293231
116501563
116042498
116189567
116095637
116361732
116181489
116558490
116770258
116329195
116205510
116249187
116517993
116476244
116322794
116566915
116672639
116582697
116433851
116381493
116713229
117063873
116649490
116680684
116857466
116749774
117279324
116802073
116908425
117003796
116798920
116950411
117730042
116996086
116894562
117012660
117000020
117227718
117018225
118314772
117651347
117164898
117148833
117234176
117193980
117354256
117214316
117077246
117101817
117459686
117279454
117516603
117204442
117277940
117293471
117752320
117722814
117486005
117811498
117583288
117646325
117562262
117585008
117963710
117657367
117617711
117750375
117803539
117693651
117660343
117871525
117763533
117856327
117907142
118050466
118096565
118161738
117759349
117898328
117869341
118105604
117951071
118219641
118274896
118377391
118471302
118066927
118304716
132680220
187102492
118151570
118507073
118379165
118495802
118446835
118484329
118433253
118561293
118549812
118604724
118675720
118603769
118433257
118686739
118672554
119032994
118616163
118825908
119254040
118751730
118619527
118758219
118585287
118740934
118803840
118722810
119189639
118897730
118703884
118830906
118907285
118823080
119200921
119077734
119154469
118949872
119287851
119078988
119029461
119113328
119150749
119239269
119219266
119659058
119336354
119411853
119433972
119412694
119341531
119496863
119674581
119772474
119465113
119697977
119584837
119666424
119544424
119471852
119572748
119611677
119657849
119525715
119589175
119829142
119800406
119829403
119963280
120159764
120091325
119933324
120025124
120055055
119908685
119838232
119979097
119952609
120082181
120245927
