2652
5269
3609
3864
3855
4023
4424
5303
6345
6991
31040
10936
10277
16990
12543
16885
16937
18857
35197
36204
32508
35152
37655
24531
140723
28311
27731
31375
31474
26202
8676
8850
9283
10661
10017
10357
12324
12836
13506
13656
13172
14739
14398
48596
16212
17390
37517
24794
16112
17498
16802
17331
18033
20244
19715
19843
20601
21233
22976
22713
23162
25064
24741
26840
26388
26888
29474
30381
29181
30038
31757
31643
32477
34445
34596
35111
37401
36757
37782
39811
39423
42357
41306
42234
44282
44506
69006
43116
47443
44997
47498
46886
49068
49845
50987
50894
52926
57807
58448
60234
60331
63200
64350
64913
66425
67338
67308
70149
70883
84008
73260
75148
76543
75528
78261
79635
81155
82085
83304
83502
86051
88976
88714
90325
92127
121472
110342
95776
119979
579102
510585
580105
560219
581532
600872
548824
575810
572840
545136
553616
550061
624094
602147
619095
613946
607667
618876
35916
36510
36791
37115
35190
35483
35890
36684
41884
37317
37697
38308
38514
39183
39585
40007
40429
40917
41616
42152
42333
42854
43306
51685
44308
44856
45104
45798
46217
46840
47257
47875
48069
48697
49142
58939
50326
51059
51511
52309
52267
52967
53260
54271
54435
55455
55648
56245
56612
68477
57833
58364
59522
59797
60812
60724
61185
61892
77820
67249
67666
75132
68897
70146
70305
71078
71535
72126
72657
73484
90925
81665
75366
76378
76661
77714
77774
78859
79384
80224
80794
89266
82111
82783
83648
84537
84777
85639
97701
81647
88539
82912
83772
130919
84992
115096
86087
107047
87809
141549
88657
108195
90603
91075
91799
104818
87692
100644
89176
90473
90830
91664
97976
98387
98990
100316
100034
101724
103476
119326
110994
126243
111740
112863
114070
114448
114970
115764
116637
122642
118112
119020
119774
121112
131431
114796
127285
116389
117021
118205
118578
119628
119879
131797
122256
122916
123703
124742
125391
119979
129409
120749
121036
122690
122306
123874
124253
125221
137189
126862
127386
128058
128957
129703
130248
139584
132030
132997
133732
134689
135241
137728
146724
138099
138608
139945
140917
141184
148165
143260
143797
145252
145491
147301
154622
148555
148876
156220
150850
151996
158216
153267
155043
155078
156272
156795
165021
158369
159876
160307
160999
162728
166963
164478
164855
165944
174755
162560
159274
159982
160672
162264
181778
179363
175622
175475
176692
190749
168156
172910
169677
171028
171762
172560
177832
174503
174912
176256
176785
178342
184527
180162
180797
182727
182115
188829
184984
185863
207406
198203
206122
201831
202161
202789
208287
251158
252831
206658
227744
208814
209288
211213
211930
223860
214520
214779
215295
228879
217533
219378
220242
236801
221940
225628
224106
228590
261480
214677
215601
216513
227228
220028
226866
220853
230029
222713
223607
227053
226015
234337
228465
229289
230332
240746
232356
233436
235193
243147
242053
237409
238298
250645
240535
242362
242532
251664
244537
247309
247002
257156
249254
253307
251275
261229
253627
255443
255448
261153
258348
258942
267580
264834
262627
263417
269415
265669
268307
267967
277728
270405
271479
273657
280323
275040
276531
281783
278702
279654
281003
286549
283492
283816
289775
293030
287562
289923
294409
291660
292237
297730
294477
296280
335925
298282
300470
310964
301314
303386
304719
314743
307084
307815
316321
310350
311380
324004
314531
315365
323051
317740
319950
324133
321542
375807
367194
329020
327036
339328
329487
333472
340475
333021
334365
345895
336467
338013
352307
463889
353003
343507
344364
353289
349593
348793
356627
351437
358789
357817
354569
364748
356812
359283
376145
361309
361766
370072
365373
377071
368222
368465
410771
373452
374152
383128
376189
388533
378785
385401
390264
382569
396247
385396
386681
395999
389209
395783
391433
394192
400101
398367
404074
400806
400390
406559
402732
415343
406366
407551
416721
410821
416433
413410
420598
419946
419753
429666
421405
441094
422864
435912
427666
427868
442168
458145
464543
464059
467273
438988
451584
438164
447144
457907
441544
470307
462307
459700
447570
458622
454455
460637
453916
466345
456658
465187
459056
462565
466741
467384
469914
468287
472766
470287
493483
485512
481943
476451
481655
479079
489251
492048
488500
485833
494685
488619
494322
491199
497395
494490
501418
497640
503030
500939
506543
504599
509380
507409
512483
510688
515705
528692
519627
515895
522656
519288
524814
523170
531763
608087
564650
541459
531328
539297
534206
542274
536887
545290
540226
551474
550344
551109
554576
548044
555955
551955
565226
555351
568280
565884
559969
569095
562519
569308
567037
571992
609448
695196
732421
698454
575715
676986
605890
614050
593163
587287
601437
598623
592951
601052
607840
595775
606727
600704
615428
625778
604844
618709
608904
621401
619805
620461
624305
665184
656582
669283
660889
658998
667368
666498
664621
670716
674013
670045
676324
679382
687035
644435
644189
643233
649006
650655
647449
656901
657652
653329
662227
661126
669627
665218
673087
670077
673190
671402
669843
675217
677325
677989
679979
682586
679285
686770
687935
684801
691211
740370
695085
692680
696839
700025
697571
704947
704968
708431
703743
710465
718044
710668
715373
723063
720514
718488
728417
732959
746385
725650
738239
747070
738810
734019
742124
753041
759004
741466
789893
751838
752437
748401
761752
762198
761297
755432
761823
762806
766855
762997
768706
779063
772526
774891
772375
778590
780342
782139
780023
788004
788267
793380
792787
790067
795904
798280
799352
802421
798437
805209
820987
813525
809886
828139
809993
817793
830766
929736
835469
829569
823788
832522
839774
839131
834386
838097
869297
839567
842783
855990
847369
849195
849669
850262
854285
857601
857758
861567
863009
865556
867779
866896
869852
874156
874713
894210
879686
884815
885821
881499
883502
889878
892261
894235
896406
898620
899035
902087
904051
902556
908611
909785
916457
918424
916364
919024
919474
927910
923919
926721
928644
930569
946489
931613
956377
1016572
1009243
972261
962899
954456
963563
954254
954278
956192
960149
961374
961731
971017
970743
969422
972345
976387
982566
980701
981187
980821
985028
986375
989934
995757
992585
1000393
998061
1050092
1054195
1009131
1010571
1020309
1024275
1019232
1016792
1023304
1025257
1026365
1035063
1030178
1033418
1033461
1045036
1043969
1036617
1041198
1040921
1045079
1046402
1048009
1050367
1053363
1054021
1056261
1058980
1061185
1062405
1065710
1067670
1083108
1075957
1080346
1077623
1080303
1081612
1083151
1100644
1090784
1092537
1093172
1095076
1107082
1103200
1103365
1105061
1109454
1108263
1114081
1114286
1115963
1122358
1122856
1122621
1126337
1129265
1133474
1131572
1142446
1138256
1140701
1141582
1144916
1144813
1148775
1153483
1154573
1156002
1159300
1161344
1164839
1206894
1175188
1171640
1174611
1179680
1183899
1183960
1181604
1184062
1195156
1193283
1193499
1191839
1195185
1201615
1206433
1206364
1205006
1207582
1209535
1217050
1214160
1217549
1221544
1220064
1227806
1232978
1229956
1232543
1237905
1237110
1240738
1240852
1247716
1246469
1247915
1251943
1257466
1255887
1259215
1263782
1265486
1271941
1269052
1270805
1276161
1274542
1279399
1287212
1283234
1286349
1288290
1396294
1303734
1298736
1307018
1307902
1306959
1315597
1401148
1365522
1369538
1320805
1401650
1323103
1328270
1340600
1341331
1338887
1355106
1335278
1337595
1342735
1341879
1343798
1353859
1349358
1353925
1357850
1356847
1364532
1363333
1365432
1370902
1375793
1373398
1377573
1380261
1399339
1397098
1389304
1398453
1392503
1413011
1399650
1402637
1411292
1446820
1423646
1411983
1426877
1416601
1416612
1423375
1428997
1432034
1425841
1435447
1432392
1435304
1439669
1440358
1451499
1446116
1455860
1451365
1458306
1457739
1462274
1464220
1464829
1470145
1468678
1474885
1476506
1480409
1480194
1488226
1485609
1491855
1488925
1496193
1500692
1501449
1500389
1506131
1507792
1513816
1510700
1518348
1515622
1524014
1523725
1528764
1531999
1529981
1540499
1538753
1542583
1543831
1547158
1548499
1552187
1551013
1560147
1562340
1558419
1568929
1565308
1570406
1587491
1588114
1581010
1581257
1587383
1586764
1589772
1595445
1593573
1599382
1597478
1612974
1616073
1624620
1619502
1619526
1620015
1620679
1619910
1633402
1630878
1630671
1635197
1638087
1635972
1644525
1643678
1651479
1653160
1650302
1659899
1665474
1665696
1672559
1666611
1669116
1674503
1682785
1681837
1683073
1691013
1691207
1689755
1694065
1697371
1695842
1702161
1752065
1708165
1709047
1713749
1716617
1716422
1724887
1725555
1731597
1728490
1732596
1737004
1744149
1739843
1745422
1748275
1750722
1750623
1757370
1759936
1765933
1761930
1769263
1790344
1775702
1798860
1780585
1781528
1795319
1788982
1792424
1793208
1797986
1801387
1804583
1806822
1810158
1815984
1815286
1817783
1823776
1835186
1827603
1828530
1834011
1836126
1840022
1839292
1842565
1847517
1853743
1855614
1857967
1858998
1868973
1861731
1880579
1874920
1887303
1882647
1879643
1881247
1889800
1886775
1896189
1896050
1897508
1902747
1906973
1906975
1915670
1918453
1916481
1921797
1918168
1924471
1931013
1930854
1955416
1937723
1944753
1942301
1947551
1951890
1959871
1954656
1958802
1967292
1988014
1966281
1971958
2065248
1985302
1994867
1990923
1989991
2039425
2068031
2000609
1999630
2011039
2005238
2041462
2045706
2013742
2066931
2099947
2052668
2048230
2043998
2048240
2035918
2044139
2150441
2053380
2058312
2058621
2062747
2074121
2070643
2070499
2066124
2133884
2306175
2135636
2093063
2114940
2100105
2265155
2094671
2099128
2101018
2102642
2107061
2115135
2114027
2116998
2144186
2122469
2148464
2130500
2134165
2135996
2143987
2147353
2166541
2196761
2150036
2158999
2156178
2174196
2165515
2165782
2173780
2174372
2175905
2184049
2185112
2184194
2193842
2216975
2199597
2198237
2200011
2206424
2207434
2216171
2213892
2217787
2219357
2251271
2225775
2229509
2232576
2250422
2260537
2244091
2249806
2253355
2251367
2255043
2263756
2267847
2267059
2282927
2277973
2282534
2282633
2285285
2290797
2288987
2315061
2301611
2300583
2302257
2310208
2310335
2322119
2316907
2327276
2323882
2333803
2331687
2361163
2341468
2337539
2343136
2347621
2358421
2352351
2358208
2357607
2368106
2375400
2369926
2374547
2376630
2380211
2384535
2385261
2388564
2395265
2401915
2402096
2403475
2415925
2411512
2456644
2423808
2422104
2438141
2430698
2433962
2432736
2437227
2445951
2443146
2449391
2449187
2456012
2481390
2465406
2465036
2472181
2478573
2478712
2478849
2485277
2497723
2494943
2498505
2497813
2498281
2505685
2506036
2510162
2512580
2526075
2520286
2541875
2537070
2532985
2531669
2543912
2561873
2544784
2556542
2571913
2556020
2573355
2566722
2562663
2573192
2573587
2575507
2580389
2580067
2587392
2588897
2596204
2599866
2607303
2608471
2606121
2616744
2620692
2645826
2621817
2905042
2631299
2632521
2641728
2638820
2642490
2646862
2658757
2655389
2664290
2658887
2670730
2667606
2667141
2677159
2680971
2686335
2686447
2696576
2695026
2714473
2701251
2707834
2706199
2712201
2715128
2724369
2718439
2751508
2736894
2734107
2757319
2749137
2750486
2997188
2752335
2755282
2760625
2766764
2767586
2770672
2772909
2777196
2783688
2787816
2785138
2791900
2819412
2798927
2804193
2802025
2813019
2812435
2815860
2851845
2824278
2826646
2832477
2836468
2838608
2844789
2846062
2846569
3007504
2891051
2870747
2865184
2882607
2909094
2893310
2900167
2890722
2891186
2889123
2896157
2903554
2903809
2921776
2914948
2913686
2933210
2922959
2928410
2931150
2932900
2938506
2943163
2953153
2958201
2956274
2958554
2959733
2960945
2963749
2970423
2972476
2976260
2982703
2986451
3069483
3011806
3025024
3003878
3003087
3014086
3023004
3028051
3016258
3025315
3025865
3028863
3032087
3065742
3050257
3043772
3052949
3054040
3056549
3059917
3065624
3193349
3081135
3074300
3081520
3086447
3089590
3091376
3102409
3102640
3102053
3107730
3115803
3126634
3120301
3126157
3123769
3127658
3132835
3148704
3155258
3148728
3161732
3152415
3155308
3159467
3163845
3167322
3190038
3177242
3177393
3184342
3186233
3193664
3197032
3198326
3201811
3206186
3215455
3214023
3217027
3222186
3229305
3232916
3234409
3238877
3257817
3247875
3254587
3255090
3259572
3265721
3293731
3327139
3278255
3278119
3279919
3290557
3288159
3299393
3296425
3304117
3317226
3310589
3322320
3318780
3319871
3330949
3426079
3342614
3346346
3346655
3368320
3353162
3358317
3358856
3360624
3366269
3382948
3374276
3374500
3393537
3384955
3395048
3393354
3397217
3404616
3552699
3420099
3446774
3445750
3428106
3428636
3429629
3436136
3442376
3445543
3452684
3450461
3457521
3456660
3466830
3467574
3484089
3486125
3526501
3483065
3488068
3489799
3538961
3513789
3516819
3504609
3527483
3512975
3535492
3525681
3531789
3532360
3537364
3540861
3550950
3701037
3553418
3561642
3561450
3571159
3570057
3569051
3580030
3736279
3623695
3591720
3608463
3624739
3604701
3605584
3654733
3617339
3620746
3644406
3624234
3634390
3636794
3638632
3696993
3648463
3649352
3660444
3718131
3662870
3670746
3699230
3676176
3683954
3686764
3729006
3697665
3730874
3707257
3714310
3715893
3729078
3721149
3721974
3727336
3758567
3762278
3757431
3752020
3747886
3752625
3774598
3762310
3779710
3780791
3774692
3776040
3781077
3790890
3791721
3793113
3794209
3807470
3809895
3815355
3817056
3820469
3824236
3828852
3835868
3840266
3845453
3895792
3880392
3862117
3883232
3867170
3867157
3899139
3876333
3883380
3886151
3894474
3892731
3936414
3909293
3906581
3908450
3915451
3919224
3953092
3944605
3935404
3938887
3939027
3943186
3950262
3952198
3967719
3961787
3967652
3980598
3980621
3982144
3983456
4050867
4016529
4017336
4003099
4011219
4017349
4047968
4098270
4025739
4042225
4033595
4068387
4044762
4046798
4053321
4060923
4063554
4069311
4134349
4075533
4077615
4080950
4125330
4090226
4138760
4130856
4159767
4107685
4122693
4119775
4121077
4148228
4129338
4133593
4137327
4153597
4153596
4153885
4198242
4166472
4165828
4197091
4220996
4184300
4185351
4191621
4189428
4206854
4204377
4211028
4207923
4212339
4236430
4261456
4232828
4236748
4243054
4281501
4408785
4252659
4260987
4317563
4285581
4269811
4323709
4297609
4324678
4286755
4288865
4312464
4297201
4305260
4317992
4313941
4316883
4326708
4332230
4329090
4339396
4341289
4342176
4358209
4354377
4356805
4363460
4366143
4376768
4411141
4387895
4387638
4424534
4396164
4406937
4418783
4408671
4416988
4420161
4446192
4571924
4477038
4439989
4456587
5404685
4460000
4471257
4467969
4526541
4470369
4471870
4483672
4482760
4488797
4490334
4504402
4501124
4513797
4520469
4522454
4523205
4537101
4529200
4538387
4588367
4551656
4590604
4562491
4559187
4636567
4594708
4576219
4632936
4585986
4586135
4588519
4609037
4612528
4757098
4614117
4707197
4703954
4706538
4709512
4646553
4730813
4677359
4742231
4726226
4753972
4682442
4760708
4670352
4768841
4757328
4691937
4791605
4701187
4791547
4795514
4713554
4797124
4725031
4797734
4796008
4738154
4809362
4748942
4819959
4863714
4774948
4847038
4763865
4878155
4877433
4793467
4862916
4798231
4870068
4889716
4808330
4888673
4814560
4875270
4955958
4936431
4900507
4889457
4875527
4854871
5047103
4858742
4868544
4912973
4875429
4875605
4896780
4900661
4929675
4895653
4945770
4921453
4912277
4936571
4925185
4961180
4980959
4950210
4938005
4946553
4957668
4961325
4965075
4972364
5005171
4974387
4984795
5151166
4988940
5001755
5535269
5021120
5016517
5485132
5067593
5022780
5477115
5056859
5080121
5391189
5186615
5066810
5062573
5534809
5086659
5075594
5544234
5163670
5138716
5571383
5109497
5107520
5579504
5129909
5121266
5546257
5233175
5138468
5513747
5260153
5147899
5339842
5546093
5169239
5266600
5213117
5235903
5180430
5198912
5240940
5195179
5462510
5431739
5319963
5639380
5491911
5266984
5739663
5484620
5423570
5755022
5508208
5266654
5845370
5368448
5334973
5698088
5459651
5311515
5308644
5307287
5318892
5309859
5327320
5331797
5332721
5351118
5339446
5351472
5350148
5351711
5355559
5364523
5368212
5365537
5381781
5402505
5379158
5393972
5396356
5400369
8442633
11417565
10778880
10618237
11701018
12327482
10656062
14045351
11128120
8439342
7324569
9539814
8458724
7066126
6355814
5876662
5802256
5495044
5823967
5507724
5505039
5618640
5516831
5677657
5891585
5557154
5540814
5605953
5544825
5561629
5621435
5582989
5568276
5785147
5585075
5597799
5846598
5634284
5622442
5705888
5692900
5663217
5718857
5787427
5664591
5722536
5726268
5660651
5714696
5650558
5682187
5750058
5741705
5676311
5749273
5701718
5689156
5772099
5729308
5761614
5776466
5737376
5772930
5966185
5770179
5789457
5745592
5756796
5756312
5765181
5759883
5767378
5775633
5799791
5819003
5786416
5806571
5800535
5833633
5861820
6768925
10205696
5847460
6593484
5845001
5859128
5854659
5859346
7409573
5886924
5967917
7081371
5891751
5884860
5925560
5890695
5946473
5912014
6061504
5994600
5951487
5926718
5932990
5936974
5943333
5970445
5958621
6012797
5974523
5983268
5975256
5976157
5986334
5993667
6008106
6014685
6009449
6017323
6026200
6028975
6042521
6299981
8934683
6680448
6267914
6297731
6185122
7224007
10610701
10811727
6709689
6138400
6115953
6110374
6189095
6186382
6129165
6135851
8925595
11196791
8536177
6306880
6287186
6190918
7287503
6843202
7389037
7151916
6470901
6592817
6310120
6210711
6296506
6385960
6617672
6595649
6634335
6581099
6749635
6745656
6737298
6687297
6405231
6300362
6380827
6361991
6374017
6361249
6296280
6378684
6379422
6311299
6393154
6330117
6322980
6336270
6336258
6335113
6367170
6349336
6348081
6362993
6359410
6411162
6374370
6377464
6387963
6540133
6459171
6410492
6520321
6421739
6609316
6431964
6517252
6524031
6543649
6517056
6460796
6528939
6562777
6561053
6584952
6572922
6495614
6564358
6583981
6907021
6549189
6541721
6615936
6615355
6607856
6615363
6783187
6734276
6660403
6635558
6670561
6656161
6708374
6702077
6750738
6993677
6636680
6738481
6718098
6684452
6631575
7065077
7060708
6856912
6681400
7349245
6767752
7388393
6875619
7243391
7157431
6860250
7339313
6729373
7302675
6798089
6860811
7309025
6770879
7374415
6854325
7340862
6923558
6804513
7396064
6847929
7308509
6971904
7390172
7217955
6995685
7555972
6887808
7076343
6880021
7103218
6835910
6828844
6889179
6843084
6862886
7048032
7439857
7416021
6870352
7406676
6907638
7587767
7089521
7105421
7645700
7156255
7376888
7040915
7080565
10951845
12660389
12156178
9328694
9730676
9011362
11712995
9346943
8459213
8475426
7674824
8049945
9455505
14922190
15290488
14226094
14758043
8769374
9568045
9195725
9676379
9790558
9205644
9620548
9390666
9586071
8727685
8700888
8313520
8081458
7479121
7654412
7278813
7563216
7152015
7297415
7228521
7255817
7242900
7316902
7768834
7233889
7301578
7185728
7316772
7209874
7276412
7273735
7218637
7315097
10508264
7384429
7235737
7336782
7263876
7333218
7262349
7319337
7324550
7293815
7341277
7312440
7358969
7331265
7348956
7618021
7388783
7351378
7345403
7334360
7400924
7407965
7367974
7371717
7394304
7381071
7412935
7387689
7427021
7485425
7408928
7410174
7429271
7414958
7432862
7542773
7441061
7456368
7456737
7483696
7464211
7472350
7471419
7478916
7484565
7493959
7501885
7502901
7505423
7516562
7521458
7533403
7532910
7543597
7539137
7549818
7578439
7559409
7570657
7575115
7596614
7605890
7603573
7599504
7603132
7620174
7615667
7619153
7655537
7652011
7655058
7655744
7668516
7659663
7700533
7670703
7682213
7686935
7688336
7704283
7712679
7725837
7711281
7712282
7723195
7738210
7777572
7752890
7744880
7777261
7760839
9400493
8043930
7783508
7792558
7841629
7829677
7811821
7819292
7815095
7858948
8076347
7892363
7852444
7869757
7860054
8510379
8001526
7874825
7884900
7885583
7894805
8187696
8237982
7939932
8019019
7942127
7928565
8193687
7944730
7945705
7958631
7958597
8189549
7975194
7980254
7984984
7987923
8029674
8007143
8003693
8100774
8030401
8032598
8046496
8051131
8054438
8053847
8056709
8062094
8062770
8087420
8082663
8219079
8693503
8104370
8112671
8167144
8129197
8125270
8138736
8398933
8158455
8267716
8162528
8188146
8170424
8177884
8181862
8241590
8198684
8204032
8696195
8439177
8245813
8234020
8244217
8244115
8261905
8411170
8357425
8279892
8283582
8299758
8310934
8290424
8301020
8312334
8309008
8356200
8384847
8325944
8900665
8377205
8359172
8352589
8362463
8630297
8392791
8398015
8399724
8407697
8393702
8412110
8432408
8419828
8421754
8590343
8986774
8521853
8459853
8457150
8550717
8498952
8470149
8510141
8788833
8500654
8502351
8512607
8604443
8561791
8569830
8544784
8549249
8558223
8560942
8581066
8583323
8573050
8577157
8592187
8590841
8606318
8615865
8646103
8675125
8645476
8669361
8642482
8679038
8648944
8663961
8653274
8678611
8676629
8965815
9016606
8696583
8702304
8717925
8731250
8718963
8722221
8727906
8747370
8748467
8751931
8755286
8757066
8782216
8768540
8784786
8787927
8797875
8809768
8801032
8837153
8820265
8832881
8879887
8888520
8860463
8862271
9018721
8890262
8901178
8893362
10004151
8999015
8997348
8961980
8921355
8930253
8985550
8937584
8946341
8943900
8958273
8968883
8966570
9011640
8973041
8981192
8991567
9016820
8999099
9058967
9009766
9026795
9019962
9037304
9047772
9082211
9054821
9147913
9106472
9077430
9095066
9107131
9094965
9097400
9122226
9117596
9143606
9122192
9134290
9181290
9154079
9153239
9157992
9165170
9176061
9179918
9217874
9197610
9206173
9211917
9247868
9227072
9245712
9247863
9234155
9242211
9247958
9271750
9273590
9274883
9343031
9459582
9570748
9383170
9303811
9318332
9317178
9336913
9331323
9337613
9340287
9355417
9353456
9368413
9386552
9391065
9392072
9388048
9394245
9405327
9423092
9426783
9425468
9423950
9447271
9450784
9449198
9468095
9469171
9512599
9476584
9536202
9505613
9502441
9512394
9506865
9528208
9521743
9539445
9563007
9546459
9572295
9564338
9584186
9595280
9627658
9586875
9621443
9600452
9628662
9610719
9629876
9624600
9633834
9635430
9643349
9655114
9675823
9665962
9680661
9693548
9707696
9703414
9700473
9719176
10094708
9814078
9730114
9743241
9750381
9753715
9754817
9769047
9778286
9788365
9790164
9789019
9807916
9805479
9818510
9887057
9819729
9899724
9881607
10547100
10110112
9864167
9897235
9882617
9879173
9889331
9984265
9907006
9908001
9917222
9926677
9948663
9962540
9941788
9954996
9994814
9976211
9983894
10030284
10001760
10149355
10240123
10010088
10031628
10055106
10033894
10043886
10041953
10044817
10057498
10065546
10822506
10247808
10159735
10111228
10095327
10103640
10107129
10117220
10114598
10129337
10256436
10183104
10200584
10163255
10168662
10206071
10212531
10228631
10194258
10220642
10225526
10211690
10216586
10229219
10238998
10244025
10242549
10262181
10273609
10267535
10330203
10344654
10302955
10305613
10313235
10307449
10331430
10327940
10336677
10345766
10399652
10401852
10368639
10366074
10383474
10379332
10404838
10409587
10395533
10440902
10441561
10434133
10442617
10439863
10453684
10458319
10462422
10472941
10495773
10967937
10551684
10521344
10501233
10516771
10522077
10556123
10603048
10547448
10551164
10566312
10555830
10576853
11461777
10732153
10677022
10706302
10655126
10613943
10626676
10881292
10646873
10681618
10750371
10748360
10674430
10676919
10673073
10704214
10693212
10697599
10713279
10707940
10721065
10735606
10736602
10745146
10761959
11616841
10860978
10808063
10806283
10832885
10794292
10826971
10802234
10810478
10821108
10926557
10845076
10846737
10852616
10900179
10872050
10875186
10873071
10886765
10894032
10887087
10907734
10917562
10929621
10932022
10923354
10938475
10942398
10999933
10988600
11036669
10968206
10981962
10993946
11042624
10997010
11063332
11032364
11021118
11043954
11033754
11037607
11048051
11064811
11060648
11102688
11086200
11096574
11095527
11114253
11189011
11114888
11129062
11126842
11157600
11558003
11219851
11233149
11198358
11208348
11188427
11247350
11226818
11221641
11226109
11246143
11255766
11258964
11277384
11373524
11269371
11316162
11278062
11331120
11342611
11324647
11323767
12249810
11383945
11458477
11436065
11433224
11356805
11368679
11404045
11377146
11386019
11377270
11404486
11406597
11400892
11412759
11472768
11440623
11447669
11457590
11477916
11455949
11488797
11488371
11476636
11516179
11493395
11502097
11560635
11511814
11520730
11569410
11545160
11553943
11574635
11639968
11601586
11613878
11581575
11613341
11595456
11630088
11635725
11616530
11920882
11987460
11798583
12149514
11957957
11999721
12182035
11832213
11807226
11705797
11718354
11717300
11722976
11729784
11795130
11736196
11759821
11842245
11780211
11774457
11792731
11847521
11796157
11792816
11831426
11817563
11820336
11854856
11827642
12697053
11853960
11866740
11919979
11895086
12180327
11951876
11911230
11937391
11956773
11979369
11969844
11934457
11953565
12494823
12077172
11976231
11992025
11999032
12063204
12007726
12012773
12078147
12093701
12043039
12058223
12048395
13053121
12094110
12103299
12126978
12101974
12095700
12102898
12103237
12243850
12142184
12125375
12135064
12280795
12170581
12207194
12168381
12169549
12196188
12182669
12219036
12211272
12202168
12278102
12251764
12269273
12336527
12745968
12308078
12281870
12266595
12283231
12282789
12307228
12306278
12308266
12327933
12330956
12405618
12374268
12350553
12421401
12363240
12380212
12379993
12388625
12390236
12437752
12857236
12804186
12441306
12442514
12440054
12480216
12493344
12519985
12523003
12517718
12492532
12503214
12556252
12522157
12565828
12556477
12666987
13284658
12565427
13126175
12634474
13524686
12648355
13309668
13044133
12864487
13402116
12666088
13285155
12694065
13396801
13161409
12877659
14640433
12868771
13710533
12767433
13409538
12848358
13064003
13733529
13532390
13369543
13652340
15051625
12906660
13326804
12807305
13340347
12940212
12814963
13229778
12883834
13840843
12910970
12883325
12864337
12860497
12857416
12893839
12888509
12943139
12930726
12911178
12923504
12923352
13937820
12955674
12947258
13118144
12956354
12992557
13033587
12988844
12984532
13838754
13140313
13060463
13033861
13214264
13030290
13067091
13066106
13066880
13066813
13767025
13281431
13130673
13129684
13275553
13119519
13126925
13125244
13143998
13166069
13158766
13960031
13239236
13192388
13481747
13190161
13211324
13266670
13219440
13366888
14080394
13318169
13259320
13282697
13558474
13279384
13276469
13295254
13326294
13312370
14398046
13434655
13396544
13513219
13358614
13444333
13354686
13381273
13380889
13380994
13414721
13410201
13420658
13444821
13437187
13432763
13534784
13467411
13467330
13471106
13491535
13485689
13478258
13498587
13522509
13525419
13517446
13531545
13550875
13539737
13572557
13553506
13562311
14050770
13587798
13603292
13613908
13658572
13692708
13648593
13702320
13650531
13658729
13675847
13948507
13827756
13863988
13754099
13704117
13786219
13716894
13720682
14702982
13771824
13784126
13749837
13760931
14100401
13826453
13875471
14077002
13915644
14541426
13990182
13864361
13830853
13849711
14050230
13881506
13880560
13874409
13894382
14755257
14062629
13919923
13915717
13923265
14204734
13959917
13968418
13956766
14025843
14039398
14023601
14055775
14004935
14028257
14020265
14086277
14032106
14055092
14034998
14096349
14077354
14140963
14101059
14145345
14133944
14101642
14114282
14135067
14166171
14131656
14164524
14215742
14203406
14168096
14182428
14186926
14211438
14234515
14223406
14217134
14313225
14414537
15868841
14452111
14383420
14287959
14345804
14302202
14341127
14411469
14779967
14319463
14332270
14485432
14658234
14384797
14351676
14559933
14377655
14397863
14442226
14448073
14408053
14410116
14433216
14439531
14450951
14544416
14495961
14464916
14549141
14499356
14490025
14495337
14633375
14552639
14554011
14595612
14543352
14560924
14609362
14575124
14572610
14854223
14642336
14624171
14650285
14630232
14626772
14643267
14664811
14654803
14670610
14676421
14766456
14751481
14720167
14779610
14720294
14733418
14730388
14748610
14778504
14763622
14792511
14821649
14798766
14781681
14795776
14827819
14840857
14814282
14819329
14847939
14887616
15233200
14904260
14870988
14886221
14906393
15107943
14940577
14913012
14936598
15243540
15074795
14965924
15021009
14974959
14976481
14990868
14997866
15052173
15002929
15023988
15026065
15087184
15048973
15039855
15058725
15058148
15065894
15147897
15146093
15241664
15182817
15175135
15127865
15146321
15190407
15218645
15169091
15201842
15186909
15178464
15202849
15254410
15292369
15267804
15256979
15248217
15258967
15243194
15260360
15488131
15277478
15280269
15328008
15305761
15402734
15467715
15358143
15347838
15347797
15388513
15406551
15440041
15472798
16410374
15503331
15426514
15448439
15419810
15752961
15457461
16295790
16654696
15550759
15536936
15488139
15511790
15584362
15528047
15561001
15551269
15538530
15546748
15583360
15562462
15568903
15575158
15609373
15597654
15743068
15679457
15614074
16018188
15748420
15663127
15660287
15660923
15762823
15696324
15682570
15833417
15736211
15757722
15730126
15754364
15746290
15744707
15754730
15758304
15782828
15881590
15811308
15804108
15826512
15816717
15842580
15856570
15911499
15880747
15874833
15868649
15882050
15931897
15912965
15926791
15968205
15937545
15945552
15949028
15967712
15954554
16007787
15983961
17397483
16011281
16066987
16374297
16035229
16019785
16039738
16094869
16124371
16059321
16075698
16073887
16093082
16092407
16466455
16128555
16169216
16128020
16146612
16152855
16168809
16171528
16216238
16186945
16229329
16317692
16271775
16315847
16256401
16234997
16267801
16317175
16283027
16280736
16312899
16332661
16336302
16338491
16422045
16352959
16342167
16340912
16417148
16378861
16388985
16913268
16398756
17087772
16702718
16835043
16783151
16543954
17348436
17407303
16746545
16473956
16731101
16707438
16679437
16656878
16512997
16534457
16538212
16589867
16583678
16566400
16712670
16672955
16634020
16640262
16617326
17043878
16633437
16624308
16642649
16637376
16656311
16660234
16675263
16681877
16687628
16696034
16702390
16760432
16726728
16732010
16744592
16756454
16786787
16855154
16793367
16786611
16799284
16797088
18366456
18285165
28160915
30064140
18160031
17066038
16944964
16898908
16920833
17863161
17165862
16961427
17009490
17185373
16981334
16994044
17027150
17250555
18859158
19945277
30227724
22549970
23578996
30266522
23875197
22542913
22327129
22519229
22339058
21715048
22271066
21610573
21389331
20106013
17817573
17438377
18711963
19123143
18347834
18298709
18379801
18352547
18352725
18273343
17315999
17247597
17273591
17248229
17252749
17285031
17286954
17310993
17364941
17307971
17309358
17332553
17342220
17322214
17414262
17355491
17363774
17556077
21217683
17428873
17425873
17413970
17482376
17489900
17457913
17473242
17447047
17463367
17476715
17568195
17499010
17505447
17497042
17590987
17527084
17553263
17551243
17574921
17620897
17602782
17587288
17634058
17624138
17657591
17665011
17691246
17629347
17645647
17645173
17739909
17676852
17736561
17688105
17704002
18534596
17779225
17746665
17755054
18650163
18193731
18209405
17996190
17926831
18054012
18100936
17989876
17946831
17927157
18079629
17924313
17989620
17923592
17922202
17905664
17927463
17931048
17958021
18069011
18013852
18039474
18043017
18080105
18041703
18019490
18055899
17989073
18043655
18015544
18074955
18181058
18222187
18234601
18307317
18113314
18294701
18354794
18128903
18116216
18143878
18380982
19008477
18572341
19144548
18883081
18547584
18611118
18521232
18417524
18447718
18424028
18455531
18458757
18470713
18574232
18548497
18543122
18849656
19628403
19130891
18632459
18605821
18640262
18980823
19431445
19094363
18628454
18576734
18600998
18535874
18539625
18543431
18449879
18485722
18512644
18542570
18891781
18482775
18665035
18584937
18661543
18707669
18815122
18677619
18871080
19012031
19069980
19325894
19191620
18771826
18767771
18764533
18671251
18669221
18739409
18769026
18873059
18790075
18865712
18864308
18838820
18882490
18881442
18939848
18966624
19930446
19222621
18979642
18961387
19028304
19010921
18988904
18977501
18996429
19060462
19000518
19018587
19084538
19036530
19108838
19061252
19016874
19129170
19078170
19234741
19104803
19166570
19362031
19115872
19240436
19150541
19083843
19186803
19044998
19056076
19637820
19332633
19265938
19234173
19203856
25831548
22288109
24078762
24345862
29982214
27103913
25341061
24186225
24096100
21445070
21002226
21961479
20759981
20739060
20886106
19279949
19305084
19284969
19242129
19259280
19283881
19258435
19361101
19412500
19416581
19301196
19381810
19322384
19631491
19356860
19352299
19352626
19415691
19403271
19406166
19392357
19420050
19448647
19437533
19437115
19449026
19543050
19541787
19548170
19514195
19521656
19555867
19557818
19796298
19636891
19625259
19690279
19556827
19596673
19581659
20411457
19817142
20328185
19719849
19728935
19822181
19677412
19703432
19887407
19756243
19747294
19794015
19718916
19845816
19784927
19754949
19791572
19828571
19759188
19795238
19810255
19861216
19845335
19845232
19840709
19843084
19914499
19850019
19875527
19895382
19897906
20391395
19997114
19973694
20013354
20198575
19949167
19958063
19962663
20149724
20095775
19990770
20063524
20102264
20137087
20753941
20137161
20079949
20319672
20077152
22205653
20143501
20133849
20245346
20213059
20252936
20310790
20148293
20153440
20169314
20176177
20251296
20227495
20349212
20231473
20236341
20261383
20252403
20356507
20311286
20280802
20286662
20360231
20309905
21095136
20415571
20331591
20766818
20488213
20389309
20390382
20402931
21665064
20484764
20885199
20471375
20494031
20476460
20498739
20495977
20497254
20540819
20587279
20605290
20559741
20621917
20614954
20544493
20603430
20616943
20570099
20689989
20722942
21118272
20949681
21830557
20668054
20748974
21045801
20814661
20749012
20821161
20690062
20698153
21578410
20745787
20901385
20950052
20763669
20847677
20775733
20790289
20803704
20830004
20863509
20820496
20846996
20859788
20862163
20898860
20912891
21649451
20910772
20918953
20983187
24863515
21939081
20996597
20957629
21004280
21714532
21250545
20997768
21371591
21072284
21158133
21116127
21711282
21531742
21281237
21138202
21119603
21118833
21731243
21152587
21130971
21624884
21160825
21190992
21905047
21217119
21531949
21254268
21411189
21301808
21216918
21230875
21274776
21286244
21258634
21364931
21293012
21306357
21370046
21329625
21317998
21563910
21435568
21393467
21514432
21398066
21384268
21389318
21427838
21500281
21428181
21457923
21542314
21588534
21465891
21679499
22210487
21560756
21574524
21685405
21569366
21547458
21547512
21555867
21586987
21576132
21627927
21695465
21763959
21666721
21653957
21667432
21675143
21653350
21685727
21774532
21696728
21739592
21740317
22289359
21821945
23472337
22642915
22443381
22113209
22702511
22711067
22499797
22132047
23030769
22716901
22990666
22430107
23318691
22666274
22150693
23287213
22583175
22376822
22232122
22168147
22036399
21981751
22037495
22032803
22000722
22134307
22323720
22050110
22078184
22185984
22151735
22080520
22081650
22471649
22121202
22214703
22220005
22120788
22545220
22696065
22257109
22188661
22239602
22180062
22566009
22196330
22307292
22242885
22326179
22263404
22273045
22366305
22284249
22293363
22287724
22333221
22314915
22339458
22345020
22540414
22373202
22398944
22395657
22400983
22414862
22397647
22442124
22438375
22435820
22461542
22458499
22522950
22602994
22666624
22493320
22555529
22547685
22558997
22556083
22568762
22840023
22848477
22639760
22641958
22654635
22732120
22697242
22658788
22673025
22654740
23057360
22731212
22879983
22733208
22872843
22914749
22816265
22767023
22859010
22750115
22793285
22904211
22836982
22822344
22887238
22852638
22843786
22963449
22958606
22898311
23012913
22931931
22994924
22917262
22930992
22932276
23095232
22975260
23075197
22984369
23030728
22990989
23028642
23165780
23036158
23114952
23471810
23315838
23191028
23135483
23160072
23102491
23422207
23186863
23353681
23158933
23167055
23244730
23938565
23293723
23245510
23344891
23362228
23439643
23281779
23437857
24342741
24130502
23755730
23872277
23879361
23484315
23378395
23463933
23446306
23413035
23486023
23435524
23466228
23556114
23533470
24346350
23767792
23616449
23640737
23573442
23731795
23761792
23664811
23609773
23756091
23722324
23963131
23623010
23673750
23728055
23682712
23623386
23706933
23917939
23663320
23708349
23741390
23722140
23725526
23736751
23776768
24183867
23870038
23839390
23791571
23958259
23889460
23920541
23877028
23871574
23869853
24539937
23845166
23886488
23989473
23970635
23904418
24112872
23988394
24045935
24063483
23948426
23960665
24056697
24028039
24077582
24043138
24004276
24022742
24107606
24160673
25103613
24077442
24085265
24284379
24188088
24337463
24112932
24220542
26729682
24341530
24218863
24178677
24367095
24297820
24357555
24256164
24404980
24341903
24322823
24404071
24292372
25066108
24376750
24343546
24337688
24378642
24382195
24551579
24362595
24456479
24481754
24631706
24876214
24508997
24486475
24441955
24459009
24450779
24456747
24589921
24511785
24569771
24525568
24522513
24589795
24562194
24594346
24700748
24563405
24683574
24653121
24714197
25001170
24652047
24799096
24761802
24677891
24956655
24802187
24853585
24742843
27464717
24779462
24723710
24765892
24871265
24800867
24798083
24868637
24802991
24926174
25393744
24887322
25020181
24915642
24932069
24955850
24935284
24903871
25039654
25002195
25741236
25983277
25397951
26209891
25286822
25245465
25209606
25181263
25175746
25136114
25260685
34907165
25253345
26301759
27217358
26228295
27296035
26288822
27201518
27230236
26205569
27272933
32902284
28747871
25446233
25410589
25441802
25466775
25421104
25454316
25377531
25450416
25408581
25520255
25481570
25610949
25452189
25551252
25571322
25577914
25473096
25539620
25493810
25614054
25636563
25544163
25645393
25544069
25721693
26027598
25713042
25609313
25678398
25680571
25802209
25666863
25688094
25793648
25674473
25769798
25737974
25788737
25717663
25806873
25818881
25822713
25848457
25825349
25928450
25850906
26809486
25885066
26119922
25894981
25923739
25944019
25892816
25965094
25876764
26019807
25912033
26111390
26017251
26038305
26075679
26029031
26055804
26073343
26220643
26065819
26227502
26235351
26127266
26244544
26057574
26165424
26122671
26169339
26192124
26225596
26312824
26236062
26712585
26233657
26315706
26361359
28433651
26806330
30019950
27685690
29250312
29988339
26658467
27045837
26584094
26714473
26537746
26587728
26504728
26545916
26580745
26645675
26672548
26712853
27387594
26503258
26496721
26636436
26593282
26604702
26563497
26582242
26429919
26403327
26431549
26474353
26411267
26401707
26420191
26448333
29481005
26438260
26465409
26469876
26521930
26528590
26530745
26568588
26684223
26570429
26563836
26559830
26644610
26743468
26599673
26652607
26619207
26649529
26674080
26708458
26723131
26759718
26699487
26738542
26766915
26748565
26787104
26848708
26833914
26800856
26866695
28857687
28648351
32245719
33552502
33763303
34018266
33084182
34422764
27783232
27205924
27338852
27194368
27002798
26966580
26936325
26965333
26962197
27002939
26996045
27029889
27019055
27122634
27171113
27128246
27066863
27078587
27099390
28154611
27108453
27307945
27253757
27213105
27291248
27252465
27530989
27211914
27249010
27253444
27296000
27227243
27228571
27237808
27667766
27437814
27295358
27295406
27394189
27323479
27410733
27374091
27380135
27373053
27374778
27390443
27388824
27411423
27790833
27842877
27630105
27517824
27509663
27515255
27571218
27541171
27912689
27580318
27618623
27594695
27681178
27616135
27931018
27629907
27699162
27965245
28145155
27669238
27846376
27699986
27708248
28132206
27941425
27730939
28005023
27757854
27836059
28373276
28088033
27836202
27786302
27827801
27808750
27843929
27830786
27846722
27953477
27864817
27903561
28233071
27936613
28027350
27939652
28008837
28011751
28014479
28042712
27995010
28198592
28018566
28050589
28078286
28081206
28056857
28056568
28090796
28198036
28128179
28135866
28175215
28167680
28224955
28741335
28451617
28323908
28232546
28261037
28244578
28264258
28230448
28282988
28289766
28305317
28306856
28311625
28366215
28372748
28540450
28393387
29397708
29067966
29026334
29104339
29014127
29332942
29160721
29198823
28706234
28582677
28530061
28516599
28548011
29828465
28594741
28861501
28587794
28599619
29956107
28614452
28961315
28652391
29885387
28655778
28956225
28649824
28699430
29839491
28775537
28993395
28782037
28752546
30284485
28857091
29165680
28858150
28860700
29792198
28935123
28818512
28861494
29747825
29031167
28857615
28960987
28980430
28949609
28949021
28933779
28952298
28953069
28960312
29038279
29116171
29002371
29043965
29034334
29016944
29063312
29076254
29068759
29078011
29728662
29168937
29134907
29160145
29199884
29536239
29161406
29170968
29461470
29263293
29234483
29207125
29293883
29259246
29243167
29261123
29283993
29337733
29307396
29304585
29851902
29453357
29425736
29435432
29407889
29695712
29571886
29539500
29416803
31279063
29672067
29506157
29536013
29680909
29626305
29655082
29518273
29586834
29626685
29669016
29557474
30100348
29617184
29634589
29618823
29621283
29748300
29634523
29662679
30301426
29695109
29676027
29718586
29803387
29728167
29783700
29806540
29741307
29867803
29840889
29804365
29857067
29917739
29855162
29841156
29911599
29898504
29887144
29882537
30134893
30255518
29933948
30080658
30001800
30034863
30996538
30012567
30930118
30222333
30025302
30035033
30089661
30213603
30083025
30145102
30132374
30240197
30132827
30176585
30164886
30245780
30202568
30233819
30318158
31194708
31381768
31283749
31329811
30804458
30557531
30627783
30379601
30478455
30547006
30416370
30446893
30373529
30425852
30420387
30454510
30420719
30487227
30607352
30448931
30472972
30492647
30480091
30487368
30505207
30549728
30768310
30554280
30593915
30569244
30624871
30600133
30619111
30633841
30865859
30693371
30673013
30698480
30747150
30715536
30749422
30714832
30729467
30828013
31760392
31806298
31615871
31459554
31223494
31209951
31636719
31311622
31600807
31780186
32021689
32958494
31986149
31468149
31629792
32242350
32397128
32148432
31751418
31402637
31451629
31610479
31697535
31562486
31573553
31667653
31713624
31362086
31530875
31404283
31305699
31383550
31375009
32719526
31519873
31482936
32457902
31928477
31769466
31510631
31360410
31267807
31288514
31358323
31296143
31316566
31400589
31339443
31378746
31357487
31450208
31386686
31374841
31407885
31441207
31560776
31587908
31561377
32340609
31964790
31767180
31922888
31864808
32839387
33030079
33484545
31988944
32478145
32144309
31865291
31893104
31943172
31929806
33351507
32259045
31943738
32046291
31987993
32239019
32080569
32089304
32053618
32259704
32184856
32072012
32056694
32042188
32176846
32130989
33431970
32398899
32444180
32559684
32981856
33198871
32964475
32672298
32100671
32005514
33860722
33613235
32238085
32180390
32165086
32150715
32137798
32057703
32167008
32098055
32145755
32103428
32111255
32195704
32170395
32148768
32159883
32188440
32195071
32978900
32262264
32516771
32242680
32639346
32850023
32692193
32618429
32731934
32737567
32753611
32760763
32803574
33101549
32706589
32897302
33980588
36754388
34259902
33048744
32486465
32506843
32471215
33036262
34586253
32926789
41071019
33567664
32989664
32945159
32984430
32943271
32946488
32971587
32975076
33125869
33022120
33225012
33020856
33022428
33040466
33061422
33041792
34730099
33670068
33130226
33130538
33120482
33089995
33104560
33180421
33181638
33238789
33506878
33067198
32904062
32903314
32904879
32929658
32922860
32950386
32974525
33229730
35038543
34054698
33072184
33151858
33161795
33415478
33422708
33547512
33249966
33293379
33180782
33207106
33261997
33284175
33436807
36955238
35720823
36465876
35998308
39574176
38660311
40028821
40836386
39333190
40286183
41996401
41399439
39801888
44124106
37387133
33521543
33457053
33482524
33547407
33477229
33452292
33438771
33457071
33456856
33464473
33585247
33562878
33505418
33540550
33534719
33614601
33822777
33822938
33989966
33911020
33936072
33786941
33635661
33919939
33960245
34089289
34217039
34039320
34123734
34051748
34195742
34126299
34898303
34594162
34184825
34147044
33865853
33848908
33842584
33862680
33868609
33872098
33922335
33972363
37800101
33988000
34020884
34224159
33977352
33961222
34006679
34020803
34073703
34016947
34033917
34082988
34063515
34119663
34234593
34123621
34173662
34454370
34284936
34218258
34184868
34207854
34194796
34194269
34250541
34225902
34325361
34254864
34262567
34281678
34307377
34324787
34684900
34942192
34737474
34936277
34773382
34793180
34721613
34745611
34830969
34879501
34774400
34984846
34870377
35101728
34878847
34857294
34949354
34870940
34805739
34874043
35166648
34830446
34935038
35034638
34996357
34948155
34959132
34889644
34922942
35018534
34896145
34736994
34732597
35131823
35075429
35146265
34891423
35196398
35249999
35128707
35254338
40661741
54878346
35302036
39177754
36919907
35167944
35564392
35161673
35008842
35943514
35571459
35664902
35815439
35606197
35548932
37431581
35812720
35487370
35682195
35501118
35467331
35123725
37801856
35165614
35199770
35323370
35264211
35292448
35336412
35234505
35273946
35268480
35256645
35297074
35308466
35286464
35334872
35317040
35359488
35401156
35360011
35413788
35557437
35414682
35445930
35464228
35457018
35475127
35501577
35486651
35513609
35517031
35560344
35979763
36082097
36034702
36722040
36015567
36016961
36199622
37558730
36591064
36884127
37288003
37260523
37112515
37121871
36596796
36446018
36313342
36399058
36346740
36567836
37207866
36969976
36849298
36899549
36849765
37217590
37319192
37135991
37301239
37387771
37866919
37434617
37443968
37527772
38315318
37967487
36188937
36577218
37212461
37201151
36720162
36511391
36081690
38039221
36216174
36541816
36455741
36846776
36977029
37665820
36565688
36515651
36392156
36317825
37663095
36362777
36436076
38187366
43905477
45288222
48021971
49777826
44637437
41595050
38431192
38717197
38222698
37760048
37343857
37485587
36762594
36619312
36540339
36715166
36565768
36624053
36537024
37222611
37155222
37048212
37188471
37170502
37094368
37206000
36757657
36830412
38981392
38136519
38213506
38271212
38146276
38364463
37892077
37832733
38382090
39404087
38357599
37034409
37027423
37196863
37116436
37080848
36958842
37012194
37012255
37107452
37192287
37075782
37252463
42356005
37422182
40034419
38669767
38636268
37843083
37230420
37190518
37246858
37908636
37207469
37265963
37245055
37381106
37266589
37302578
37427526
37354899
37478023
37401888
37389000
37420589
37474045
37442630
37674414
37700232
38122476
37750102
37661847
37834100
37693351
37374615
37398833
37443398
37412552
38099535
37814143
48867526
67921780
56623391
48141827
42980718
41652032
41386992
40393440
37858103
37678956
37620514
37616703
37778173
39192799
42437082
41076465
40637949
39822071
38822327
38681373
39878011
39201230
38143958
38141312
38316616
38254811
38160873
38255069
38256470
38282267
38005868
38565931
38297684
38822418
38310265
38060098
38130952
38308798
38674728
38392903
38433416
38387469
38092049
38170108
38184061
38302034
38264674
38577433
38634912
39089905
39247961
39005901
40533361
38327250
38220900
45020840
42250148
45290346
41774027
43073580
45958984
41625206
40883396
41865847
44109228
41600406
39202709
39121109
38861866
38698979
38900133
39624046
38557647
38477144
38639431
38539206
38661782
38528560
38886012
38695120
38655219
38629055
38740951
38624160
38645528
39426870
39866965
39050395
38725908
38881270
39484407
39329590
38756179
38769787
38740420
38743380
38804439
38863546
39070236
38951794
38819914
40176082
42308661
40876575
43847025
42037976
43265254
41533267
42347824
41229263
41167251
41702975
39908977
39032717
40209191
40456234
40126202
39062607
39290100
40563855
39263072
39120809
40035659
39846292
39416894
39236106
39296006
39240289
39315094
39226853
39252596
39219714
39672046
39641479
39500841
39649937
39706392
40875571
40403180
39639124
39558311
39443196
39601294
39575397
39722236
39848308
39746687
39585968
50379049
52156242
54727591
52295024
50202342
41946426
40146071
39808021
39614960
39676551
39631295
39652426
39777716
39809101
39845323
39797017
39979497
39887501
39754471
39902354
39830711
39836303
39822177
39795832
39777765
39801105
39808872
39864431
40198468
39884465
40005388
40919968
42003949
42629202
53057713
47181722
45730542
44583275
43785993
44640117
46464889
43604861
41257872
41184683
41549996
41543116
40726674
40205236
40106993
40147731
40162203
40261517
40191291
40255029
40344929
40261206
40427503
42364762
41653936
41703448
42024013
40968202
40441077
41125540
40508055
40541157
40394569
40412415
40450260
40512020
40419837
40859902
42047510
41376609
41088336
41423627
41843431
40826369
40694928
40763667
40705999
41871396
41666656
41166958
42605750
42030860
42450900
41391837
41144188
47987681
70033742
41720667
40847883
41147237
40880760
40932449
40969547
40830295
40832443
40997289
40892736
40871323
40939681
40904689
40914068
40978755
41040735
41215375
41030285
41242997
41007573
41454336
41220630
41238108
41229136
41456542
41139556
41106683
41266120
41153863
41223315
41164855
41244261
41393216
41275807
41340338
41216666
41260241
42640496
41960478
41757682
41853422
41576001
41527295
41735736
42112447
42121244
41424782
41673164
41587125
41640294
41630022
41770437
41683267
41732317
44723052
46732062
41992511
42568385
41900261
41889818
42073146
42012311
42133163
41640532
42130540
42000277
42081728
41997506
42163691
42744602
41856265
41862694
41930063
42001088
41924323
41897500
41995228
41896096
41901949
42183917
42080725
41967833
41982912
42208377
42216926
42527954
42221616
42113031
42343567
42012028
42029979
42044371
42122289
42171443
42047632
42088078
42092321
42096153
42343125
42274804
42155993
42207083
42237891
42313027
42246741
42248303
42230352
42282360
42253591
42277482
42276056
42344779
42402195
42340753
42449067
42360920
42559435
42423756
42420778
42481475
42469116
42450354
42502893
42471667
42542944
42515015
42528890
42663828
42581472
42586494
42600199
42700790
42605750
42721387
42672662
42779359
42696678
42747768
42757987
43608855
42710191
42734319
42782578
42761898
42901842
42881225
42801354
42820932
42966048
42886602
42870549
42901209
42934661
42893209
42900417
42981738
42975257
43043004
42994990
42976331
43098505
43117225
43083591
43179047
43281200
43491495
43497984
43628519
45155409
48898499
64848659
56259564
47719296
43457124
45327751
44433244
44753251
44480460
44660389
44627064
43423734
43345270
43378636
43345117
47016461
43361816
43381747
43489269
43378191
43475722
43470086
43484321
44214714
43458115
43605436
43534024
43888100
43517123
43599731
43569330
43583461
43757567
43598571
43622781
43640569
43711257
43647915
44222321
43863973
43812039
43704729
43772266
44791352
43770217
43938554
43849631
43800698
43817997
46310855
44500199
43896799
43870107
43979592
43920535
43909669
43929035
43941198
43936249
43960977
44037654
44013050
44085018
44163298
44036002
44081617
44074387
44089734
44139972
44121503
44151962
44160903
44266358
44165885
44318693
44207035
44510268
45281782
44400122
44594496
44509681
45814119
45532058
45118838
45186481
45169799
45413381
45099288
45202422
45174835
45220296
45352336
44495113
44527664
44492752
44529691
44516286
45222371
44718947
44613399
44555440
44779760
44599881
45475581
45395093
45170029
46119634
46142824
45748073
45572313
45712151
45529938
45594053
45547425
45860108
45836418
45971327
45746983
45952869
45970598
45873805
45996951
45201508
45152468
45261436
45334687
45919365
45941801
48191330
45757641
45522643
45691568
45694282
45508962
45604461
45671911
45577741
45677794
45672839
45789463
45334269
45732233
45964798
45800695
45647067
45706027
45703389
45791444
45698427
46476987
45769917
45786071
45854236
45707471
45433536
45373572
45420873
45678373
45940642
45850677
45901377
45937582
45865462
46005362
46001009
46183526
45938465
46233069
45986954
46076926
46172445
46255396
45712238
45742794
45885807
45759772
45757154
45794390
45879424
45892068
45942638
45968828
46664025
47449192
48210925
48002512
48512861
47696358
48265245
47190182
47098141
46686277
46581218
46438800
47201389
46864965
46029093
46706074
47509440
46180185
47144870
48062869
47824467
47942114
47967928
47746968
47671630
47950456
47014676
46712538
47049901
46816518
46814453
46847568
47094837
46327587
46473720
46316596
48463951
46319616
46409956
47129712
46620053
48177475
48360587
48091881
48367083
48060950
48122594
48381648
48385566
47803342
46708643
46674615
46612105
54880148
46844991
46712924
46644733
46820759
46692556
47270351
46997203
47071710
46843669
46888437
46921774
46956813
46859982
47079260
46877722
46895764
46963317
47148125
47136874
47066070
46967624
46930371
47031994
47011859
47398894
47357143
47206525
47047788
47291996
47333388
47445287
47419086
47520802
47398156
48641936
49524703
76087175
55315131
47474170
47327121
47513061
47233506
47186672
47238319
47235654
47369182
47326895
47330892
47491303
47572214
48615133
48513719
48385906
48085085
48139949
48426936
48395520
48314657
48431017
48231672
48244588
48934550
49511400
48449109
47662554
47609129
47586641
47589747
48786698
48885161
48241240
48201023
51453596
48774243
49039771
48758571
48689310
48379745
48391356
48468764
48472136
48433284
48471190
48175806
48390871
48708398
48445610
48472979
48073327
49363713
48761956
48341010
47990038
48081597
48030036
48050819
48008798
48156680
48044651
48132051
49970584
48577290
51196611
56378309
57910331
50943596
49969683
56581048
60905450
58807547
50062475
48843377
50411998
65194979
72023932
68941190
62564266
58760224
56663393
52929325
52028995
50306106
48823190
48852458
48811247
48786011
48587529
48537376
48774069
50939806
50819689
56065466
58695524
56273783
50698567
55039965
63540520
61471474
60519851
59633232
50015067
49326428
49056328
48764371
48795017
48848754
48801094
48789289
49173241
49760848
52590595
54111201
55602159
50675813
50218332
50492062
50164124
56118524
49470077
49405568
49279659
49047294
49111768
49116428
49730464
49205895
49154005
49189843
49255027
49197930
49853267
49294283
53309454
63244165
70200089
64856723
60056771
50459369
49659675
49413694
51453441
50367808
50005640
50651276
50040304
50924703
50017436
49468598
49602444
49999582
49946370
49505137
49504892
50146743
50200368
50703820
50288401
50468198
50450569
50409762
50450434
50451141
49645973
49807412
49777582
50437763
50443742
51632680
52199473
50569803
51488173
51046893
50151430
50083379
50333425
50373830
50688889
51467802
51562386
51347048
51215955
50642349
50445181
50472650
50541976
50580314
50393282
53072942
50106672
50057667
50113078
50789199
50459432
50642308
50821148
62082431
50703804
50806907
51336604
50800090
50869637
50794205
51318393
50865668
50919403
50541500
50341725
50529672
50350681
50392478
50392760
50425176
50519394
50455355
50964428
50978546
50637463
50545853
50679722
51467525
50870532
50630106
50721770
50715282
50711017
50680004
51034030
50690838
52521593
58654270
70373202
58702238
54432833
51407940
51410746
51535082
51353869
50872558
51153154
50900623
50873468
50946346
50968438
51160336
50913853
51032995
51208896
51832294
50995786
51014420
51002160
51056082
51053181
51143216
51153690
51147573
51187376
51238406
51209013
51256083
51320331
51170507
51268936
51268248
51351283
51322377
51322431
51363196
51273999
51326066
51363489
51363844
51334160
51432515
51383441
51409317
51453434
51609612
51443825
51499456
51501899
51545918
51501123
51516878
51546045
51647916
51566451
51741466
51589555
51612638
51681400
51751714
51738367
51897115
51721762
51732209
51862929
51818997
51749692
51759680
51902353
51869136
51924057
51901630
51914250
51980834
51903827
51940273
51988019
51924372
52010275
52005543
51978422
51983811
51987950
52022277
52044628
52088919
52069349
52108288
52093649
52172710
52146031
52208365
52285804
52180883
52199037
52333917
52252146
52315645
52293498
52279470
52490339
52314449
52357934
52331804
52417511
52361463
52405441
52417386
52478595
53163266
52548796
52488938
52498877
52518448
52581118
52659198
52659876
52588037
52596037
52721128
52738213
52683160
53733787
52667621
52712830
52992843
52702402
52790819
52750065
52805175
52779161
52806954
53899853
52876939
52866850
52870550
52886172
53068048
52914494
52943986
52966966
53049673
52990709
53098798
53027518
53022312
53131281
53071426
53083785
53096022
53117613
53168494
53178423
53301852
53175217
53175772
53221196
53243426
53255941
53257302
53297810
53313510
53410608
53316901
53456669
53394683
53360644
53380201
53408591
53398952
53605651
53442052
53524585
53517677
53711056
53764940
53526309
53564138
53743818
53605841
53599365
53616427
53582904
53586105
53654250
53678722
53675726
53720287
53708221
53813620
53776632
53893528
53770231
53992648
53840952
53826728
53920695
54861701
53863065
53880907
53900612
53936147
53986786
53951879
54057981
53974196
54006052
54058924
54027808
54050677
54186858
54128358
71957959
68948787
56302546
54952431
55036919
54741777
54472688
54620347
54603265
54587872
54507506
54276131
54857009
54905548
54816642
55039761
55168737
54944567
59530375
61459957
54964084
55111815
55115511
55019426
55073954
55329730
54913897
55016024
70215852
63927302
54997796
55000645
55042617
54671962
54782804
54711770
54755059
54770310
54773959
54722299
54733827
54777885
56145326
55976779
55874771
55821707
55835954
56002167
55862192
55905758
56048120
55730746
56275118
56725393
57719650
57349785
57436373
55658536
55915462
55485504
55063167
55114150
55114070
55107634
55134657
55155882
55287354
55621666
55900277
56593652
57087803
57812559
57184261
57426613
57466259
57242149
57432212
57613389
56893379
56030110
56254149
56803362
55967111
55550610
55570750
56084289
55518650
55718026
56647514
57133175
57265819
57474141
57897814
57018794
56484437
56772878
56784603
56527411
56079506
55818158
56171090
56744211
56669465
55971969
55922428
56221609
56785944
56946568
56809343
56417332
55912481
56274049
56024662
56043785
55968528
56027165
56024403
59137769
56038928
56025726
56071801
65616714
67788630
89418283
78177804
60911259
57178675
56883851
56218424
56248360
56317198
56220496
56353669
56274894
56302251
56328423
56309854
56419458
56356450
56405155
56757288
57660532
57501333
58012713
57310938
57247483
57453836
59052543
56883617
60698324
56547669
56922930
56649034
56574838
56639705
56622221
56661654
56790808
56706967
58019229
58347462
57580696
57571695
57577044
57825887
57687055
57661367
57648514
57685193
57802621
58074146
57700610
57725472
57922220
57931071
58166723
57095328
57098046
57082205
57113049
57233316
57316697
57197879
57101555
57136020
57122311
57200403
57162695
57161981
57156515
57173212
57360334
57928807
57310355
57262672
57304753
57300646
57345271
57313071
57367171
57344007
57630672
57624375
57424892
57439407
57505330
57449089
57491011
57486800
57489676
57563425
57544604
57820368
57794174
57618411
59281759
66916561
61452950
59448123
57794893
58027179
57754048
58025244
57859471
57783238
57884739
57775804
57980521
58031328
57944596
57938941
57880752
58066764
57902070
57970287
57926788
57932728
57931334
58065668
57980578
58008727
58005708
58050938
58086872
58283051
58131546
58264156
58233472
58600178
60118606
61565022
59613726
59181437
58519308
58275200
61345719
58579472
62811150
71794493
77135534
85396683
78538227
59629848
59102746
58468514
58739678
59829774
62801204
58801366
58650076
58620351
58649986
58564828
58603873
58655146
58612519
58630491
59010284
59481194
58913772
58820115
58739591
59543128
59867282
59796799
59648751
59821695
59489815
59142739
58964499
60857280
61129169
59986441
59684684
59873396
60656467
62613329
63788614
59817411
59909627
59406804
63597887
61089571
61538358
63385335
63775239
62296024
61947817
62176860
62710865
63824319
110103183
78522210
69875124
60464979
60210278
60204258
59804403
59703684
59406200
59433950
59401193
59516390
59457836
59703759
59540002
59559720
59568520
59565786
59597381
60017234
59969968
59819757
59769295
61275254
62661725
88891790
103900057
75260014
64488427
61589915
61884503
61450287
60616978
63571344
60324003
59873106
59841626
59915473
60043396
60196053
60127607
60019308
59956929
60029138
59999411
60054528
60786091
72341421
81741705
76282260
69110735
68258160
77339781
77916211
81662221
79451280
62665848
61072021
63348683
73174818
83279454
60368153
60725321
61061184
60590814
60984746
60756759
60329828
60409382
60474804
60630878
60828852
65846512
64100483
60798205
61126862
62439170
65002014
64617308
64616866
66132037
76132151
82669758
65577863
60729193
60955153
60800733
61710322
60834102
61193443
61403071
61200453
60827155
61069506
65051462
63855864
64141116
79900639
103225931
79158335
74210265
63017038
61442118
62081358
62307977
61210085
61190926
61446247
61181691
61257436
62338099
64285144
78853421
75033692
62696973
61820283
61397674
61433158
61510205
61528655
61268834
61320994
61552230
63051296
61604728
61445830
61358579
61373154
61432751
61432451
61444861
61505217
61682440
61488323
61643733
61583660
64163166
67071218
65557478
65255553
71908996
64891269
63731024
64542557
63494769
62649735
62610316
62289908
62713876
63945980
61992401
61932501
63507639
62234547
72789896
75536740
69426740
65531421
65456551
64204932
63559045
62632658
63277388
66612303
68374505
62630268
62170057
62256282
62103516
62200097
62699719
62279332
62276797
62608107
62289965
62576838
64919166
62755151
62579251
62570955
63059427
62907165
62562506
62573088
62616438
62824575
62828266
62794630
64601377
62725062
62828352
62864302
62626134
62615915
65620122
65118357
62685782
62625086
63053406
62634180
62695888
62806113
63046383
62766150
64974262
64896021
64516621
64102631
64591378
65080670
66919151
64713663
65334556
63540786
64061653
63795531
63849383
63288083
63160058
65503938
63080701
63140315
63363742
63301048
63104856
63067999
63224982
63261375
63313411
63324915
63363214
63241178
63293833
63400768
63311630
63423869
63275778
64682597
65938868
68244055
63859531
64363786
64196762
64740010
71029880
64989043
63617550
64246498
63846689
66318180
72957283
70990635
71020701
63763179
63941363
64217261
64225556
65568124
64435631
63908079
64136655
63739956
63970562
64486964
75029457
71470286
65901400
65400153
65120348
66871249
68631285
90446718
72297580
65563897
64047702
65093722
65333212
64106722
64268320
64246433
64173277
64171890
64154615
64208460
64326514
64202279
64190557
64281994
64244846
64392054
65398116
71711516
77260506
79004255
67976234
65805856
65763738
65793761
65820799
65803156
65944667
65136666
65244374
64955723
64833965
64816079
64809341
64892191
64603082
64773045
64949642
65329216
65147022
64896390
65441802
65069155
69337345
84208845
65075492
65073547
65440451
64881163
64836859
64803884
65159889
66753555
66603336
65374959
65217380
65171207
65112742
65217670
71663774
85836021
85138365
78067670
66006064
65042766
65187046
65181934
65347329
65406738
67062373
66518802
68590202
65903008
65494839
65437796
65327033
65994616
66086037
70791764
65836751
66110644
65665985
66146620
65612296
65609842
65554271
65783236
65753793
75368749
73800236
73893433
80048587
66130269
66485314
73004212
67061999
65719457
66017069
66244611
65799254
65802259
66208613
66157983
66723921
65841799
67764039
82124754
94119290
85076751
82234036
67738115
67605883
67197098
67720966
74196556
73734889
67652790
66447076
66163401
66020093
66521467
66562771
80715721
66864502
66854407
67632445
66690643
67780862
66956828
66784282
66508400
83663991
76431641
68038747
71792012
72366921
70875943
75974544
71598058
72177906
71371528
68511060
70703927
69383065
67158525
67094161
66728486
66612421
66522248
66672870
66777158
66605815
66728524
66606267
66644255
66695986
66682704
66761893
66921630
66746493
66847392
71073880
77692689
68727380
68659181
68469016
68838277
68065476
67463769
67081394
67000145
67058913
82348197
70551375
70156814
69576042
69245484
69199231
68273112
113364711
97697988
77883456
68880312
69414081
80079073
87625664
72591160
72165160
70019092
69982171
69418322
78788166
96852034
72481376
69451984
69408808
69479059
68894674
68718475
95955008
71888011
70998391
68889175
69345911
69224413
70141891
82932914
102198032
78398376
70641385
71350654
71465737
70082852
69454696
70857557
98054007
92808550
74566035
70551303
68048624
67829890
67953564
68619638
107498839
147918406
158771991
141029924
106781481
80464951
68719605
73077058
106101197
145845161
118289604
73856554
69089625
68437799
94830413
142621788
117254430
155771260
101334491
70148283
68519420
94961026
132345632
100264268
81682225
68486790
69373566
69791749
136156073
107731392
93854534
87687924
84324944
77925693
83255579
77469647
76253166
69783821
69544059
69347462
68923167
70500623
72165529
70901754
72217674
71011196
71420654
69777487
68972272
68844418
68813992
68863143
68947010
68888426
68899866
68954118
68870944
69213182
68971548
69047569
69093964
69087475
69345377
71440201
86537370
151830731
100250176
90973437
69269649
69111000
69132125
69296881
69218397
69171770
69378747
69304438
69339396
69395885
69293925
69334211
69696932
69941990
69413332
69430429
69372422
69451074
69460037
69870442
69738287
69570281
69542840
69745790
70257311
70494169
70364696
70832586
70261415
70760779
70263542
70145758
69907445
69782635
69789184
69769241
69979155
70500027
70485386
70600849
70529781
70610454
70466991
70585128
70461849
70383936
70215191
69923205
70351205
73384364
106976222
98074158
95858621
86384907
71320618
70153036
70255218
71331364
71777406
70784009
70320911
70238102
70334230
70259161
75991243
81702052
70417874
70515600
71931419
81866387
96563801
105081972
103651713
78514735
70533156
70662424
70563851
70882209
70710611
70551324
70575251
70707179
70622712
70656968
70739186
70717435
70791403
70723376
70732097
70745712
70847854
70891115
70847104
70814161
71081829
70863781
70865951
70914417
71066590
70958450
71078380
71188159
71096545
71144423
71221674
71022969
71074856
71221005
71180844
77346743
127484369
81088276
71297894
71155685
71353731
71333995
72740070
71308105
71883555
71510163
71319275
71529077
71346959
71387537
71382273
71859256
71447538
71978733
71503442
71539523
71590982
71683029
71627364
71798383
71546642
72196513
71562335
71600203
71654545
71671444
71645356
71833927
71748789
71797566
72320638
72013557
71820104
71854840
71890383
72005892
71974443
71978344
72418297
71866853
72067217
71943032
71946466
72079364
72057799
72025699
72587137
73127143
72126572
72104849
72380348
72187290
72265039
72189563
72463308
72819335
72403881
72228945
73277445
72857488
72484819
72392946
72346420
72822699
72350572
73813173
77891699
76185885
79743055
76369460
83937722
88232878
78818687
77650187
73870239
72762239
73237532
78420415
72705389
73000001
72703506
74480342
72721150
72763913
72742058
72847471
74235766
73915375
72849845
73020077
72939325
72938852
72899971
73121864
73050095
72971385
73065069
73019761
73071099
73049738
73143609
73069145
73146301
73093892
73091635
73177804
73232099
74450717
73184356
73252577
73291816
73306188
74464277
73284499
73281676
73430222
73406006
73470473
73395753
73547706
73399630
73504098
73484323
73452148
73480531
73592839
73505848
73744229
73551128
73570653
73730338
73785182
73679577
73869737
73688366
73791911
73793884
73769324
73736322
73771204
73840829
73840341
73924542
73855181
73848095
74002754
73906547
73975043
73903879
75114841
75327781
74023376
74049524
74192041
74042461
74117916
74326040
74384040
74251566
80997916
75677960
74342779
74318980
74266028
78785877
74493250
74394189
74315162
76517432
92601871
88521072
74586889
74697456
74701786
76712221
74654464
74484918
75277326
74635884
74539331
75182390
74656646
74601373
74809543
74710869
74682382
74680304
74671181
74830918
74714095
74764279
74821420
74800993
74782484
75344389
74844371
74975153
75040191
75050404
75062965
75025849
74943911
75008899
75013678
74996451
74998090
75133193
75256170
75119478
75109074
75126665
75260222
75163749
75376913
75156334
75185888
75215921
75247598
75263474
75359973
75375821
75650972
75386377
75409778
75384978
75419389
75404529
75425328
75583361
75444060
75485981
75484514
76145205
75571664
75586069
75594800
75687379
75671556
75686108
75662025
75668545
75817848
75692304
75872586
75761995
75849389
75868308
75799560
75942480
75839925
75859594
75965479
75909122
75999900
75915033
75948541
75978566
76126156
76014997
76147674
76076507
76169480
76193546
76121208
76108239
76155491
76229168
76166423
76209332
76231159
76426102
76307930
76393686
76292980
76311954
76318544
76368892
76351489
76499737
76426072
76541528
76448685
76471834
76564258
76641600
76575356
76750234
76887078
76690608
76818695
76800351
77812406
76919965
76756498
76878102
76751934
76917210
76796186
76963974
77046202
77056556
77106385
76972578
77061063
80761178
76988765
76930009
76976626
76977836
77187231
77100575
77200425
77058396
77109097
77210786
77173127
77207702
77210936
77448455
77257483
79969416
79321711
77961054
78059793
77801442
77441500
77582513
77800701
77928168
78136215
78109591
78053768
78104320
78189499
78220806
77942554
77633557
77542719
77564187
77613654
77568508
77576654
77617134
77671982
77822686
77832908
77701721
77833027
77791819
77891128
77801906
88450818
77824231
77913627
77890916
77876126
77894628
77926671
77987802
78089411
77955188
78307610
78196550
78036270
78083065
78148846
78244721
78134153
78133290
78152992
78315410
78214187
78221351
78209885
78394398
78273167
78337383
78671846
78390286
78354666
78347484
78400707
78465558
78506248
78458704
78731356
78524887
78563547
78566148
78578854
78580967
78597966
78708265
78694829
78663316
78783615
78666594
78770122
78728683
78703537
78805348
78800869
78812121
78815878
78835207
78982413
78869074
78869671
78944925
78944475
78999935
79141053
79029798
79110203
79039604
79111193
79192186
79169718
79110491
79250562
79151853
79162166
79239325
79198118
79300862
82470832
79311899
80872267
79354833
79385780
79405556
79372833
79407312
79371166
79443166
79597235
79523328
79632326
79489387
79537959
79549821
79600553
79712652
79704830
79639051
79741902
79685414
79737279
79658985
79971040
79874233
79822553
79882787
80065716
79844964
79876213
79871657
80011724
79907868
79917413
80026828
80111589
79963889
80001466
79991847
80166036
80071559
80186853
80066065
80082168
80188628
80137030
80276755
80181064
80189441
80249891
80237945
80242804
80274443
80310656
80293484
80357650
80388148
80491322
80439668
80407536
80471852
80499261
80611677
80481180
80504995
80554931
80565271
80633374
80695785
80775050
80625534
80676035
80659898
80680752
80701466
84768223
80971360
80765997
80790163
80790893
80825470
80974006
80847725
80921362
80916796
81125256
81034745
80967323
80997952
80991049
81006266
81037145
81038620
81075038
81108603
81094315
81164661
81156248
81162926
81402127
81219025
81301815
81441325
81256613
81306122
81343861
81393628
81387883
81353381
81388617
81425272
81411003
81505620
81478200
81522582
81570861
81637676
81542255
81711285
81592300
81644973
81673381
81755716
81715623
81766324
81918614
81810847
81771018
81773755
81796969
81801416
81835825
86679081
81870213
82063579
82002583
81900703
82004646
81988646
82119874
82034133
82063401
82143725
82117131
82196570
82137587
82214467
82236847
86173986
82222605
82220100
82228330
82235049
82409064
82360225
82354050
82365274
82417820
82496468
82434594
82526514
82410854
82515654
82448157
82594576
82484424
82562890
82658220
82569484
82579425
82713017
82627338
82643966
82680110
82730120
82736812
82779162
82764300
82806680
82801198
82825786
82862791
82902534
82890253
82898182
82908109
82957781
83163569
82998734
83020414
83269657
83074537
83060557
83058562
83235319
83119979
83158459
83204824
83160021
83361892
83281728
83218767
83287004
83412941
83335481
83329549
83460690
83424906
83467127
83461917
83497498
83438840
83483740
83485950
83522244
83550317
83723908
83723675
83570296
83699121
83634376
83693804
84030220
83866320
83819087
83688926
83722554
83771814
83735679
83862918
83958715
83935299
83866538
83898143
83975608
84000408
84013124
84210869
83974539
84089686
84008721
84105773
84049019
84065956
84093100
84188834
84184216
84185333
84241863
84192122
84252415
84296175
84254447
84313234
84284601
84304322
84487140
84462489
84394340
88437167
84437319
84503329
84471468
84478273
84748593
84535449
84520367
84580392
84608036
84724888
84682386
84683401
84742517
84712492
84695171
84713764
84836622
84816266
84769029
84903013
84870691
84864894
84866528
84881990
84939319
84975610
85091801
84991645
85048079
84990310
85041264
85256509
85079434
85080009
85138930
85122329
85265489
85171686
85207557
85279620
85237835
85253642
85307033
85341349
85375235
85305217
85334353
85367356
85416927
85430175
85462445
85474904
85470064
85466466
85520210
85519955
85565343
85890654
85759665
85591571
85670898
85673500
85672863
85662014
85704266
85722925
85748120
85838094
85809813
85805582
85836963
89834554
85873872
85933352
85919109
86040618
85958131
86018275
86069300
86047992
86067151
86140412
86072959
86152539
86151338
86221625
86163629
86313623
86267572
86307367
86264074
86324745
86263840
86310524
86386839
86325265
86370058
86440040
86425497
86393986
86550997
86507625
86604747
86651604
86557408
86602182
86571117
86661196
89454655
90200679
87462382
88489805
87645640
86981259
86963472
87063633
86825696
86933868
87083691
87286061
87053006
86956923
86868605
87154813
87191853
87114584
87393286
87010561
87188911
87177696
87175297
87265958
87235869
87149897
87258189
87477785
87489176
87389799
87359236
87365654
87269201
91456256
87360562
87337197
87464751
87419798
87393396
87585838
87520919
87609086
87650856
87645889
87569269
87668490
87657361
87703550
87894142
87831902
87727750
87637699
87795555
87862184
87849583
87863542
87804981
87784150
87805117
88176272
88007486
87940657
87953554
87949841
88154659
88195517
88010477
88005447
88030191
88010964
88247681
88121232
88204355
88082328
88119775
88306518
88397426
88447400
88269275
88331040
88495787
88275716
88288757
88371078
88317088
88526592
88722018
88401252
88678391
88615459
88473128
88476553
88536352
88669100
88546846
88618096
88901198
88856945
88833886
88699267
88831170
88839060
96917930
88751521
88810548
88852566
88966460
88844188
88888441
93686770
88883154
89000472
89021496
88961681
89020954
93893330
89139617
89504041
89047495
89440142
89098047
89404939
89142546
89158621
89219795
89146059
89171517
89198968
89308801
89294440
89467375
89571083
89334928
89337123
89536439
89404421
89400794
89561990
89577475
89463763
89498114
89656771
89571259
89588859
89578426
89590529
89648744
89620453
89679547
89776940
89703846
89780116
89793322
89883159
89800208
89870411
89878596
89896703
90012255
89956627
90143846
90001457
90077094
89970654
89981600
90107055
90052206
90097915
90081525
90096316
90236034
98187989
90199615
90310006
90236755
90297253
90257491
90286472
90349407
90389065
90474526
90435223
90490888
90553296
90398983
90533187
90465530
90581162
90542512
90503312
90764998
90736094
90607685
90702099
90818263
90685649
90799726
90704438
90728494
90701537
90886930
90778988
90791982
91080667
90849873
90862520
91248888
90903038
91046787
91131892
91031535
90946841
91191924
91232246
91037276
91060100
91076431
91121750
91132469
91160958
91315680
91293013
91194990
91293950
91382960
91339639
91307851
91347045
91452309
91336787
91375511
91439398
91487411
91419954
91622660
91474944
91649661
95667273
91542352
91578848
91611229
91637919
91638987
91642336
91687898
91715334
92059641
102971347
94949345
92489124
91919057
91873535
92125412
92426392
94587128
92269959
93056021
92873196
92577270
92284648
92328805
92675681
92855421
92383611
92563527
92548091
93337063
93474787
93020233
93113575
93329793
93329482
92285453
92636886
92365234
92614906
94512639
93404700
92655180
92657293
92891740
92551206
92472590
92597857
92695576
92632749
92770759
92598491
92632329
92649144
93315199
94405919
92957211
92855832
92756848
92759758
92790773
92797882
92853908
92880065
92846252
93138937
96025621
92869704
92933273
93443015
93289195
93227550
93322537
93142984
93094764
93192114
93187339
93225921
93190443
93169516
93200768
93382443
93399357
93241148
93277304
93330197
93316542
93421429
93368099
93474361
93460603
93474520
93501481
93465935
93524157
93723737
93545230
93563882
93692477
93640264
93856488
93890068
93705398
93681432
93706634
93710565
93742992
93785851
93836567
93805849
93803766
93904007
93847320
94118762
94003944
93946493
93964168
94188186
93990783
94130238
94399194
94124858
94136309
94337109
94174713
94239008
94336324
94286063
94240994
94326863
94314386
94299800
94423202
94503176
94396852
94320579
94332200
94476077
94794709
94418109
94655399
94552070
94477017
94533191
94698115
94561706
94639688
94593977
94616607
94670254
94742987
94696622
94729694
94741746
94796090
94779243
94817903
94821245
94988358
94935168
95036465
94902588
94915780
94993687
95159326
94996407
95014772
95053575
95097787
95094856
95126405
95244514
95211374
95268641
95288179
95338995
95631968
95241598
95302715
95308820
95324633
95317912
95436666
95552105
95381930
95514689
95440231
95455313
95550027
95433587
95510806
95607281
95629008
95571161
95633443
95651728
95669664
95683426
95772712
95724849
95731879
95824656
95777121
97067861
95876151
95886379
95863846
96050196
95966780
96044070
95993063
95981442
96028543
96026388
96046258
96100371
96093255
96185981
96157089
96182301
96238373
96216868
96248892
96277214
96381393
96385491
96339500
96453207
96350359
96380133
96454494
96412764
96541985
96449619
96586560
96486085
96541046
96579334
96677852
96739094
96723196
96751289
96665844
96758759
96705984
96717848
96760573
96733329
96985294
96974638
100714093
96967895
96991680
96896911
96935609
96968568
97121758
96982599
97037113
97060166
97096007
97146160
97043922
97075791
97210743
97159184
97155080
97175993
97337088
97231274
97292394
97287038
97297630
97292963
97399020
97451344
97411884
97432348
97449296
97621533
97550364
97520771
97587134
97540405
97601433
97539293
97600484
97592897
97774466
97667856
97817171
97859653
98011185
97732717
97921041
97792564
97896416
97927067
97864509
97961861
98114855
98263909
97917863
97967823
98128100
98007230
98100014
100621380
98073816
98198146
98130786
98223750
98203854
98180944
98286612
98298472
98285394
98313253
98441086
98319034
98439221
98518779
98427486
98473102
98529474
98426373
98487514
98516376
98521988
98616732
98560244
98639977
98596225
98630415
98777794
98690944
98681380
98850086
98989255
98734014
98828939
98838009
98877320
98811965
98801913
98941164
98895894
99219782
98926066
99008175
98981050
99013470
99151917
99078142
99408150
99163092
99256179
99102856
99162978
99186490
99187786
99530217
99331394
99233598
99301459
99328417
99317152
99335200
99422554
99406825
99406046
99550250
99828624
99486814
99710554
99561656
99547271
99719847
99581362
99683112
99684658
99692602
99723340
100699805
99745535
99771754
99807600
99826841
99887896
99984848
99914241
100065198
100028613
99939428
99995700
99961150
100201604
100055888
100038446
100079347
100109826
100241858
100165375
100177204
100192653
100234384
100336390
100249545
100377724
100415313
100473689
100494920
100643524
100432188
100408088
100441431
100451195
100533785
100595205
100776281
100576820
100839111
100544085
100813369
100810212
100661197
100725123
100853662
100706851
100719585
100802330
100788647
100939808
101075998
100846688
100904298
100866919
100994605
100914990
100992431
101140407
101146141
101072213
101090937
101014781
101253628
101093299
101123220
101154071
101181239
101227343
101304132
101360918
101392769
101313149
101344069
101359483
101361102
101395216
101527104
101598641
101564852
101615527
101454976
101527603
101499656
101633716
101666083
101557275
101637491
101703869
101793434
101778816
101711943
101949682
101769290
101778933
101765148
101935262
101990805
102148192
102185623
102003529
101877093
101979238
101989591
102019639
102130196
102027578
102070019
102175970
102223693
102111623
102223212
102167882
102173552
102213533
102263760
102408930
102360282
102410892
102384407
102543103
102454909
102540587
102700497
103861034
102489172
102818044
102807072
102534469
102618934
102571421
102632350
102691086
102754220
102925069
102712057
102716144
102798244
102719257
102818287
102751207
102770105
102882155
102975869
102872133
102876557
102900225
102993261
102951446
103035551
108310322
103093466
103087528
103070497
103080329
103215300
103210843
103378675
103266715
103165193
103273415
103215536
103320994
103324381
103452225
103453787
103321262
103466546
103494890
103561522
103481206
103646068
103774509
103488205
103521510
103629092
103586862
103583342
103621150
103637556
103820560
103686674
103757792
103730143
103753915
103763634
103840594
103948876
103946805
103899417
103902143
103941442
103929690
103932099
104253982
104141482
103980918
104041403
104023573
104046747
104049051
104075611
104257087
104126704
104142470
104217721
104186008
104290807
104333294
104267124
104590728
104367625
104322678
104378292
104490627
104430602
104514589
104559411
104520283
104654543
104530245
104619472
104705219
104755988
104672539
104681538
104859791
104936065
104785609
104821400
104793642
104852919
104903621
104865957
104905526
104878169
104942787
105023497
104937439
105105481
105145941
105035442
105224069
105217145
105228368
105095235
105275133
105263667
105170625
105429316
105232916
105397786
105528464
105304839
105473838
105403387
105397657
105396534
105397001
105421496
105457045
105477032
105503080
105560888
105552098
105709901
105576915
105621201
105637711
105690863
105736440
105837898
105752182
105759238
105771983
105801049
105832226
105901777
105853356
105977098
105930116
105929792
105985210
105992670
106170716
106024110
106020420
106066745
106170707
106194535
106171831
106158878
106293512
106268206
106265896
106274814
106384048
106270755
106364351
106342742
106464594
106482986
106459395
106476026
106382438
106599416
106435869
106447005
106538518
106652562
106650652
106652164
106561438
106583427
106732804
106879435
106726596
106715405
106805959
106815428
107041879
106908798
106862147
106875509
106992288
106929361
107066114
107184121
107043787
107075911
107063575
107089872
107159920
107146077
107125692
107200347
107165553
107240959
107222471
107400879
107281480
107392687
107358345
107487972
107365903
107525195
107439631
107433181
107461126
107467956
107474051
107634807
107513030
107682277
107576947
107652298
107611715
107641021
107697064
107841082
107757917
107944506
107722171
107733951
107738005
107989322
107988441
107923346
108104289
107955081
107929839
107970264
108083888
108027852
108209960
108106238
108158489
108115283
108238654
108123704
108178139
108248321
108213116
108303171
108268072
108430641
108639295
108449211
108425199
108385921
108430357
108465860
108665635
108498156
108541484
108592173
108612777
108593508
108597129
108638272
108632470
108678323
108888788
108882925
108867507
108845179
108804762
108840291
110848973
108820753
108882827
109014843
109197417
109130269
108970725
108951360
108997261
108977831
109135894
109132749
109208071
109180224
109308921
109171701
109190272
109296076
109249716
109276958
109438017
109356607
109304417
109550346
109319202
109341050
109371115
109576219
109556175
109582850
109701133
109610265
109571099
109617388
109616778
109862308
109697944
109820683
109732851
109770474
109942237
109866307
109961621
109835445
109811942
109844036
109873233
109883970
110092477
109991320
110082171
110051401
110115778
112176839
110087978
110169269
110162285
110153247
110194291
110313257
110206404
110238493
110480307
110298495
110594590
110425769
110515520
110394695
110426332
110448616
110538700
110586322
110664834
110509558
110599089
110830545
110728496
110608597
110587381
110874889
110794957
110694887
110762678
110719811
110767238
110934649
110785055
110916727
110819933
110909779
110893491
110880054
111168749
111155857
111129639
111046583
111145433
111057291
111071003
111121478
111145503
111127201
111238736
111283071
111235774
111245090
111378296
111309767
111297512
111354527
111347320
111401405
111589745
111463545
111461209
111505473
111776907
111641929
111570608
111584423
111766478
111818437
111671093
111658784
111779793
111719211
111738903
111898722
111786019
111815572
111912848
111807739
111871670
111831098
111940330
111902878
111961289
112123227
111965862
112263998
112118349
112115703
112119625
112251824
112131161
112311811
112325335
112205145
112543891
112353740
112329125
112287453
112363187
112355681
112349817
112391933
112405452
112444545
112442147
112641050
112492006
112528848
112627983
112591619
112620626
112608794
112656147
112709077
112665703
112890556
112715861
112834436
113036720
112927898
112850016
112897969
112892564
112991166
112938206
112932431
112982550
113031379
113032531
113114255
113219094
113056865
113131966
113126712
113350151
113163522
113204727
113228204
113262071
113592839
113378538
113333210
113403482
113354623
113453773
113461957
113464129
113534706
113552945
113565320
113550966
113619871
113559195
113577676
113588377
113656954
113618346
113682064
113729295
113747918
113888028
113939744
113802847
113812316
113855514
113886485
114217980
113978643
113948555
114007492
113966511
113973702
114156436
114447591
114163794
114175437
114149818
114301083
114257587
114214877
114275918
114249659
114306109
114306859
114363038
114339777
114543748
114453946
114514686
114426043
114517776
114619775
114536152
114521453
114745996
114673985
114720412
114774447
114895912
114761775
114743137
114907288
114747514
114830075
114805150
114923752
114911346
114958069
114922200
114968113
114918061
115000334
115023765
115073428
117196791
115088221
115248841
115109422
115369306
115189612
115227978
115412894
115219109
115247722
115259238
115672973
115278627
115300332
115356052
115368514
115373113
115569584
115517973
115523237
115673114
115565912
115603036
115552685
115561712
115604160
115674121
115692827
115781097
115981554
115837308
115798663
115809403
115797157
115856943
115927350
115854956
115889763
115923645
115937722
116016068
116060546
116040329
116146875
116098492
116200842
116154487
116353279
116382976
116202338
116316577
116349673
116236677
116305821
116322388
116527281
116428071
116378686
116412138
116499918
116382240
116432719
116487275
116650841
116531394
116584256
116662759
116743474
116704342
116800726
116654804
116710849
116730438
117123388
116868441
116787988
117707796
117224312
116928101
116963838
117067807
116919200
116999208
117188799
117207341
117127628
117248687
117323229
117183065
117302567
117201981
117319778
117337741
120946225
117304186
117481466
117521324
117510757
117470024
117559339
117444459
117673536
117594787
117691381
117503015
117627644
117917247
119391805
118257068
117864719
117692141
117696030
117718657
117771260
117816219
117759438
117787899
117916134
117910363
117938220
117864208
117941791
118250221
118003908
118035364
118100060
118071598
118110060
118293751
118107178
118172677
118410732
118228202
118260311
118317299
118230124
118286072
118363570
118312685
118645832
118470435
118550251
118518387
118498877
118452525
118562994
118528683
118593969
118544359
118694684
118583150
118693169
118776126
118768171
118711660
118708446
118745941
118800402
118874362
118924102
119014454
118840330
119168269
118941821
119039802
119239071
119007030
119203837
119215735
119103294
119096783
119268072
119805962
119227339
119399174
119409415
119287931
119271771
119344550
119339466
119298799
119365121
119613711
119451014
119384447
119689660
119801351
119716253
119568586
119720148
119771041
119805572
119604739
119621988
119813956
119714345
119701241
119941508
119835064
119894034
119803427
120554497
119919936
121286650
120806970
120652757
