4471
5137
3361
3536
3613
4034
4265
4941
5853
6608
24967
14874
10094
18179
16637
25972
26386
17810
15640
16930
20845
19406
28919
24944
72672
49949
42539
53347
7353
9262
7565
7979
8418
9905
9184
9798
11174
12486
12105
11715
12252
13755
13473
14745
33520
13558
23798
14067
16200
15156
15523
16065
16757
19566
18228
18406
19012
20691
21061
21027
21550
23453
22916
24799
24503
25518
28049
26598
27279
28193
29520
29903
30324
31838
31833
32575
34725
34324
35012
37024
45292
38718
38414
39389
41560
41228
50344
43135
45332
49970
50687
46910
59798
48835
50975
50780
52860
54201
53865
56345
55935
58166
59666
66816
61905
63051
62501
64743
65688
66035
67890
69805
71431
72070
71965
73974
75899
76719
77853
79210
80311
82759
89866
84037
85489
115586
88961
89791
104049
550134
511741
518430
534604
530678
550700
544474
563764
567493
569085
592686
587145
598304
605005
607917
624694
630866
629296
36411
36640
36691
37098
37274
38160
38429
39183
39144
40498
40390
40728
41149
41995
42382
42681
43040
51850
44051
44782
45058
45956
46317
46784
47498
48382
48384
48955
49451
49958
57730
51036
51436
52046
52686
53382
56149
54334
54789
55416
55807
56537
57065
62029
58368
58833
59291
64011
60450
61165
61455
62311
63003
64085
64895
64863
65273
66243
66594
67392
67797
68807
69030
69803
70322
71077
71844
83671
68291
69091
69478
70207
70744
71424
71804
78039
73304
73876
70253
70902
71529
72177
72558
73282
74351
74758
74737
75508
76067
76756
77593
78089
78726
79588
80499
80518
86850
81811
83243
83131
83515
84413
85350
86238
86498
87116
87950
88541
88882
90343
90985
91686
91826
92814
93591
94390
94311
95216
95960
96808
97567
104829
98440
99563
100364
101576
101181
102758
103086
110344
104493
105036
105785
106507
107384
108085
108715
109625
110550
111145
111591
112791
113135
114391
114995
120617
115952
117146
117821
118772
119376
120138
120756
126629
122535
123730
124509
124818
125860
126427
131398
128036
129673
130146
130332
131161
132233
138258
134422
135710
135336
136441
136677
138954
145426
139759
140754
142597
141762
143281
150584
144570
146004
146606
147496
149237
155965
156196
151463
152000
152520
153641
159650
155246
156253
157120
158457
158550
165120
160401
160896
162981
163418
164479
169971
165975
166768
168295
168279
173930
170759
171440
172534
173298
174202
180590
175864
177194
178129
178989
184993
180659
187296
172631
173618
174761
186308
176216
177118
178419
179899
184817
181025
182125
182581
184260
189658
203357
202316
198423
199934
206360
211274
191554
192114
193506
199189
219682
208692
208543
215374
210741
211841
213165
213556
215022
215738
216609
218001
225340
220077
226963
222381
228228
223794
225293
226369
232658
241055
216655
218742
220904
223788
221181
221930
223473
227784
225675
227053
227821
232677
229024
229503
231103
232455
237116
234119
236159
236197
242635
238911
240059
241452
245458
243441
243816
246080
250460
246597
248386
249227
254150
251245
253210
253216
258589
256726
257729
258362
263415
260417
262687
274755
264547
264599
266659
271387
268377
269462
270614
275638
273018
274890
279515
276109
277539
277957
284377
280464
282639
286232
284543
285482
291487
293358
288553
291176
296475
292880
294167
299000
296718
296705
298139
303655
300984
301297
307181
304049
305848
311264
308088
309100
314964
311505
314133
314099
319824
316051
318102
323686
321095
320865
327933
323615
326549
332085
327611
329370
335777
330845
332719
337828
335630
337378
341550
338399
348838
349171
342739
349884
346047
346472
353671
349302
351559
357037
357036
362970
360878
356617
363185
359347
360869
366661
364522
364625
370283
367064
369909
373257
373802
377910
374419
375741
381688
378396
389210
380811
382932
387984
385622
386201
391345
388730
394975
392555
414906
634731
612015
588659
679945
668299
682228
702926
608830
705072
723120
664196
670750
764387
762384
594217
651370
669940
710975
695556
750802
492420
429736
532531
552189
503678
430235
495154
451003
461273
447627
438080
469140
450322
489544
443420
453415
446022
457167
449715
457796
451283
460970
454207
465252
466469
459554
475968
463120
471419
488158
485899
486854
504657
487081
578153
473690
484022
476823
486998
480609
492647
491666
494780
486604
491686
489230
495605
491749
506535
495574
500321
499207
503851
501404
507434
503734
510706
507807
533264
515864
520191
514887
546684
580090
527892
529821
522288
594455
524493
539406
526872
539542
530971
537130
543994
535211
541540
538907
544889
542291
548595
545366
550312
548664
553816
570145
553190
559363
565282
562989
567998
567328
576620
588946
578951
571311
577089
578178
573589
634815
584427
588336
579104
589941
591940
584533
590968
587750
593350
595238
591902
598409
597096
604339
604825
609000
606326
608164
612661
614248
628670
637288
633230
615452
687909
627061
621022
631129
630192
624551
631852
634733
634563
636049
634296
641081
640844
638429
645147
647825
644427
650082
651016
649953
660312
653629
681322
683511
666474
662762
738713
673528
665223
675706
677707
672838
682204
680441
675861
682386
684535
682538
686131
690062
687735
692737
693516
697682
699886
701785
727447
712018
716659
772239
716998
708478
718293
717956
722860
716570
727852
728307
719505
731163
732802
734950
726906
751536
739328
740492
736093
749642
749706
767767
759193
769848
817873
759199
757783
752091
761450
761618
767708
759565
766861
766997
769065
774903
768348
775203
779969
789299
781194
783997
806991
805147
793924
785938
875828
799286
801438
800346
801268
803838
805103
806838
807432
810828
808754
815266
816035
817999
820045
823400
838806
850661
838069
893632
834477
839991
831987
837203
854309
847402
844704
848077
846370
850223
851369
853679
859871
859682
858162
870422
881111
885940
873112
934224
876317
880246
877109
893323
889706
878898
883673
886743
888043
894479
895634
894822
896671
904115
901640
925842
917664
924722
979164
922692
920980
919530
922687
922075
921911
924801
926583
927652
930183
932199
935718
941308
953667
959869
953213
1023973
957505
954300
1017006
975262
969207
962858
959924
961808
963943
965516
966993
972405
977598
974658
1012239
1053911
1053691
987924
993031
995488
988807
999582
993865
1003642
997714
1000695
1001280
1006481
1008428
1016797
1033160
1037807
1020976
1088018
1023329
1025916
1024875
1034699
1033655
1033038
1036287
1049188
1056405
1042722
1041499
1059113
1097484
1092940
1055212
1123637
1060363
1068727
1059287
1070296
1064550
1067826
1075624
1072706
1074123
1076664
1083755
1094431
1123787
1099703
1149252
1095435
1094977
1094657
1102347
1099813
1106000
1110673
1107637
1108450
1111693
1117316
1131998
1147407
1126148
1187002
1137622
1133881
1128566
1137560
1132814
1136358
1137394
1142611
1146668
1148824
1155456
1180864
1162504
1227225
1164071
1161718
1165355
1170843
1170701
1179215
1170402
1178739
1173717
1177933
1200053
1220961
1197247
1253949
1207357
1197595
1194067
1204684
1201583
1216711
1203358
1207870
1207736
1231045
1234575
1244999
1242298
1288070
1235964
1230791
1227850
1238637
1236598
1238729
1237585
1242722
1251967
1251947
1281624
1265397
1324471
1259895
1257822
1262742
1268951
1264791
1266024
1277345
1270227
1273767
1280898
1324495
1303264
1349534
1297662
1293391
1294002
1311602
1300017
1304032
1328947
1311194
1313171
1534001
1559416
1473716
1405773
1455838
1414809
1447289
1408556
1426331
1422192
1411855
1562637
1606393
1632801
1583975
1446588
1433683
1456335
1440076
1401505
1359436
1378931
1481219
1607701
1468877
1492874
1383756
1381833
1378584
1421177
1399791
1388033
1394612
1394214
1568645
1567969
1477413
1451900
1431398
1409339
1431314
1416534
1421775
1419497
1420423
1544394
1581902
1496497
1456811
1440955
1435279
1445777
1474760
1443100
1451036
1450212
1500810
1670919
1474919
1537804
1479840
1470683
1480274
1492716
1479638
1479566
1481919
1511281
1707296
1519905
1569060
1510398
1501680
1501305
1525266
1507954
1505394
1511843
1636832
1663940
1623825
1523282
1536873
1539898
1557006
1541832
1537029
1537691
1537343
1722660
1653628
1615391
1567148
1555351
1560553
1576026
1560554
1563368
1563752
1685274
1736648
1647957
1600893
1579693
1584787
1617899
1611158
1701162
1740130
1869620
1814053
1776688
1714495
1716826
1702275
1735413
1713022
1722781
1715352
1923018
1845890
1800226
1741589
1708491
1689933
1705682
1645050
1645362
1793713
1918503
1733741
1732092
1672549
1665059
1686459
1677818
1671505
1671835
1849562
1791639
1758734
1689871
1696194
1701988
1717070
1694394
1708198
1727478
1947427
1718763
1786106
1729245
1724789
1736591
1733004
1723940
1729627
1902602
1836241
1809723
1749895
1749743
1749383
1771916
1758137
1761880
1896051
1930481
1827282
1794778
1778036
1773460
1796438
1778697
1780262
1897647
1967565
1866026
1804890
1795711
1795768
1828967
1805924
1806187
1922054
1989607
1830974
1883066
1826901
1840120
1848015
1831202
1834669
1959831
2000115
1908726
1850158
1861893
1856785
1884301
1857320
1861944
2033913
1988910
1943752
1886708
1877118
1893629
1885599
1884443
1891639
2159210
1978714
1914907
1905457
1899553
1944543
1915751
1913017
2043728
1988832
1996681
1930369
1932179
1958686
1933596
1937104
1935998
2199402
1959760
2028132
1957178
1955873
1985322
1960117
1968431
2136446
2087882
2052200
1985617
1981621
2011265
1986363
1991148
2136650
2051945
2164871
2009196
2092947
2036620
2010623
2010137
2172400
2204872
2097091
2033809
2032857
2063233
2036918
2036944
2172210
2115302
2131257
2060542
2053603
2076089
2060866
2064148
2297312
2077579
2085395
2083361
2102559
2084258
2083064
2087973
2134558
2095140
2095169
2099121
2102515
2112450
2112146
2169455
2146403
2121783
2127266
2123820
2139728
2139370
2137529
2143510
2165971
2142989
2188576
2174216
2163927
2171157
2171951
2190241
2169982
2172549
2174229
2175260
2178027
2183170
2187846
2217307
2193363
2192741
2197499
2215050
2203073
2210063
2236349
2241532
2230905
2227714
2248009
2226791
2239814
2242549
2279476
2247593
2251088
2252211
2252652
2259036
2257012
2287377
2265531
2274265
2278594
2272989
2275260
2288182
2285028
2301257
2292245
2293526
2335631
2343233
2309034
2314197
2362373
2320394
2330439
2322773
2323666
2338794
2333057
2359017
2345212
2356435
2346383
2349441
2356373
2357292
2374955
2363109
2363993
2383885
2368136
2372066
2381079
2378798
2388660
2384491
2389906
2395674
2410220
2406416
2404523
2405703
2411792
2412599
2424431
2419008
2423116
2453343
2429626
2442165
2460775
2446900
2443420
2455990
2449507
2480726
2456598
2464105
2467935
2468827
2474230
2473943
2478926
2482111
2505773
2489289
2508303
2497879
2499047
2501086
2527922
2505910
2527495
2515331
2527312
2524360
2526993
2534660
2533668
2538583
2563517
2546357
2585275
2572098
2570172
2565232
2574494
2563008
2570343
2571485
2610919
2579837
2591684
2586245
2590791
2599350
2603671
2598005
2605449
2609059
2611997
2624145
2615848
2624655
2629633
2626237
2634828
2637072
2645248
2668105
2643349
2651864
2654963
2655107
2677840
2683934
2665273
2670503
2682991
2690188
2693272
2693840
2696806
2703081
2701229
2711702
2713390
2721327
2732583
2717545
2728156
2725597
2727586
2729094
2728500
2736931
2750139
2752078
2750659
2763646
2775871
2761533
2765392
2767980
2773088
2773423
2910211
2793430
2799540
2830112
2799473
2793197
3211067
3246572
2860971
2811063
2817214
2815581
2821266
2831771
2848656
2831963
2998756
2934428
2844803
2843241
2897414
2859137
2857606
2860549
2864786
2872818
2881378
2873305
2897544
2897276
2892850
2900793
2901396
2896088
2917137
2909975
2911655
2909198
2916684
2924286
2926845
2930940
2977792
2932739
2941631
2943842
2955099
2965864
2952159
2984197
2970690
2980821
2975222
2984441
2976798
2980371
2991836
2988476
2990503
2994705
2998724
3012816
3017097
3011403
3029997
3018498
3022525
3027553
3042248
3031835
3037331
3039849
3044608
3046843
3054080
3064594
3085256
3067394
3072350
3075752
3076954
3086046
3089375
3085160
3100561
3114997
3104372
3104885
3111201
3108298
3115184
3140509
3121536
3126002
3133952
3134439
3140515
3152900
3143956
3148430
3176392
3159216
3172452
3166791
3190644
3180588
3176454
3177489
3192354
3185959
3196768
3192618
3218720
3206815
3211828
3216749
3226765
3223880
3222022
3254217
3234572
3242375
3260148
3242862
3244892
3257011
3261235
3256722
3273351
3271274
3268790
3283178
3276563
3282404
3285936
3287879
3310031
3295947
3300830
3317679
3311871
3310968
3317099
3318176
3327369
3391119
3393393
3339611
3352649
3345422
3350288
3364370
3358282
3359092
3368911
3370731
3375285
3382730
3406711
3390432
3388644
3416254
3394381
3405956
3407919
3407924
3413876
3433954
3424426
3423043
3427968
3435731
3439907
3442974
3453082
3467896
3467432
3461962
3466368
3468080
3468871
3480214
3479796
3480477
3487054
3487024
3502201
3494005
3504214
3504432
3527306
3510777
3522746
3524615
3524501
3543944
3534416
3542537
3545389
3556194
3548890
3555792
3557436
3705603
3652365
3575206
3638047
3595508
3584628
3595111
3607929
3628746
3608026
3606465
3616435
3619009
3646099
3624658
3808360
3630581
3666259
3647603
3652162
3658550
3660979
3682092
3662482
3669567
3675449
3703699
3699542
3727875
3757723
3694368
3728894
3705402
3726385
3708040
3739417
3715396
3722549
3724126
3738164
3759334
3746494
3822320
3744597
3772222
3753985
3757445
3763553
3783720
3779587
3774026
3784862
3790863
3811603
3794104
3819560
3802453
3862526
3824220
3817194
3816944
3854162
3853659
3840452
3831824
3843985
3869458
3865292
3862903
3858085
3881503
3866522
3865471
3870157
3891554
3909511
3886499
3888387
3902816
3937666
3907897
3924776
3927206
3943181
3926635
3923571
3928150
3962647
3937870
3944601
3953750
3987070
3966425
3970636
3978525
3967584
4002959
3989342
4008714
4157514
4759364
4259174
4256774
4242565
4691079
4030805
4476680
4452900
4467608
4045987
4040433
4433224
4288814
4047203
4053628
4370354
4152896
4067306
4065901
4399517
4152883
4083812
4127975
4433619
4202675
4151414
4123142
4548651
4133054
4120070
4131265
4546936
4152683
4135064
4140687
4557836
4172657
4151967
4164265
4577190
4197307
4172023
4193420
4586619
4203817
4192218
4193777
4609386
4222835
4209313
4230059
4620448
4417097
4366931
4535053
4542247
4250025
4251740
4725209
4285632
4261964
4262542
4360794
4270386
4291991
4275499
4795506
4302488
4289293
4299580
4722535
4318004
4332147
4575887
4466928
4333967
4337602
4741086
4363918
4349148
4347149
4756406
4369944
4380150
4369399
4742948
4382902
4384406
4710360
4513049
4442110
4407459
4847288
4423600
4419783
4412898
4819963
4431408
4431184
4708432
4574689
4479478
4445404
4839642
4468264
4463167
4470043
4826035
4485444
4477424
4790033
4545348
4501153
4525098
4883551
4562816
4525516
4519547
4928454
4554367
4531203
4888652
4594841
4543395
4549655
4923937
4566818
4573972
4923432
4591357
4590313
4589355
4935111
4618022
4600090
4686903
4872070
4617742
4647417
4965510
4639774
4685123
4640589
4963861
4647942
4709154
4711870
4699156
4665935
4689727
4725397
4677269
4693943
4689784
4697406
4692419
4702246
4711723
4711676
4728671
4713653
4720945
4737020
4735456
4732429
4764296
4747857
4751166
4770298
4762350
4764506
4774598
4772183
4781631
4785333
4811051
4798630
4802160
4805785
4827714
4819662
4893668
5323360
4965967
4872826
4926603
4846729
4851917
4866107
4854897
4861206
4868688
4905012
4885132
4881716
4887694
4967870
4922004
4924671
4970526
4932144
4959512
4933766
4926352
4927759
4945630
4938423
4954472
4947463
4952994
4961970
4967345
4966919
4975612
4974587
4982737
5045919
5239283
5005814
5022576
5005339
5011893
5029889
5021617
5029070
5048391
5035113
5063681
5322982
5081145
5076298
5076590
5068792
5093098
5076038
5093327
5087388
5097255
5195610
5129381
5125533
5124113
5121320
5149529
5139150
5141324
5154450
5144304
5204188
5165495
5192426
5163194
5170660
5174792
5177887
5263330
5385790
5190564
5215569
5222231
5233785
5242159
5217708
5229761
5229073
5229768
5235890
5243114
5278804
5276456
5255944
5267491
5263550
5289887
5275757
5285021
5284623
5289369
5295298
5322152
5302586
5358158
5366770
5339748
5340914
5328926
5333616
5345024
5356547
5360004
5357763
5358986
5479274
5373690
5374347
5383470
5388662
5392626
5393123
5841912
5402704
5481388
5430427
5435177
5426346
5428797
5446822
5440415
5447913
5461360
5462360
5460428
5465377
5467804
5481541
5503136
5510236
5495047
5537473
5502662
5508553
5512895
5517353
5551617
5526974
5534603
5601382
5552332
5551326
5566015
5563160
5574459
5564803
5574809
5592483
5599680
5592207
5595763
5601000
5615953
5606947
5645540
5628027
5630749
5628893
5640381
5655283
5655307
5654963
5663188
5682275
5673573
5679935
5689144
5684342
5723890
5725114
5721653
5710633
5709482
5730562
5715305
5745601
5729155
5767817
5734647
5743947
5753237
5755893
5762615
5764142
5809334
5812691
5782739
5792495
5798277
5794088
5804579
5808130
5810634
5813767
5837888
5829041
5866508
5849656
5888878
5853687
5871044
5871952
5869228
5887805
5880254
5883631
5888432
5971169
5911120
5916677
5904820
5919126
7437879
11782557
12490083
9583052
8448099
8159023
7871831
7684262
7423458
6948285
6386128
6074275
5985203
5999766
6010147
6007037
6007862
6030871
6125807
6022630
6036529
6043568
6041722
6041682
6061834
6053504
6062990
6135789
6086027
6081236
6090307
6635966
6139301
6134392
6111953
6673600
6146528
7119350
6183750
6185970
6193143
6195612
6647984
6370658
6188594
6334796
6255110
6213205
6192048
6185686
6195298
6227556
6202530
6290128
6216998
6217648
6221291
6231925
6237322
6266306
6261274
6244912
6252305
6261341
6267299
6266270
6275869
6281105
6368506
6292751
6304193
6313309
6314587
6313273
6320734
6336265
6423923
6381012
6350553
6348224
6354409
6367442
6362745
6365316
6394071
6377994
6383644
6391792
6397917
6416522
6410507
6415531
6436134
6440622
6436890
6433310
6456067
6449979
6495014
6458616
6493059
6474346
6489775
6479634
6506468
6501348
6504485
6510814
6508224
6534914
6521192
6528195
6535091
6555837
6546179
6541795
6554200
6562345
6559321
6567651
6600302
6595284
6599467
6593637
6599496
6634904
6612135
6627985
6615243
6623693
6634977
6636366
6676109
6643763
6664678
6657487
6661794
6677049
6677535
6724774
6694022
6694900
6705425
6702494
6719464
6728258
6719715
6735331
6746408
6739851
6754509
6756771
6753245
10661769
12569898
10724625
6803075
6794544
6812518
6820265
6817822
6813558
6833413
6880762
6835024
6847693
6849722
6847452
6850395
6857029
6882546
6883181
6869902
6877602
7074157
7037549
6893436
6944296
6907784
6922339
6914843
6921921
6930189
6936576
6937756
7072418
7042073
7025978
6989798
6995541
7022528
6977064
7004516
6989533
6998028
6998857
7011271
7016700
7020434
7037950
7042848
7037208
7046637
7056326
7061965
7056817
7086036
7084425
7079056
7155139
7165494
7112183
7103675
7132779
7124000
7132634
7132705
7129508
7181937
7164363
7148562
7157565
7160958
7167153
7170359
7173526
7214275
7195844
7192266
7198501
7203315
7230438
7248178
7227892
7237317
7235040
7245603
7247199
7250079
7258007
7293750
7269236
7283707
7324434
7295451
7297428
7302028
7318275
7313061
7364867
7337467
7383650
7342568
7359137
7353593
7359099
7358731
7396630
7386922
7372136
7404187
7385799
7397593
7402821
7428125
7439148
7456833
7426102
7488257
7558285
7495930
7496789
7468911
7463937
7464101
7546397
7477026
7484026
7548728
7537181
7505875
7531347
7565559
7562193
7654958
7553991
7569340
7550538
7552659
7559598
7615913
7589023
7618951
7657862
7618904
7607081
7602127
7651162
7613597
7616652
7636023
7632876
7650074
7663019
7652778
7654742
7653643
7665734
7683896
7744854
7698591
7733779
7707437
7699760
7707890
7715576
7731837
7733552
7766835
7737314
7766505
7754116
7790342
7778378
7777765
7823829
7852079
7802596
7798397
7808599
7804888
7806409
7825491
7841313
7838227
7858865
7885660
7841514
7859055
7868853
7896940
7886012
7876740
7881580
7895647
7900310
7915722
8032595
7912675
7950923
7939580
7949912
7943850
7948529
7956091
7976911
8045029
8069412
7997467
8008562
8020170
7994650
8013785
8010501
8022491
8020451
8035247
8030166
8044696
8057494
8058464
8075047
8062242
8069552
8079648
8081101
8127022
8098162
8100995
8104372
8127565
8151069
8133404
8171175
8144228
8142445
8164501
8152239
8176952
8170638
8186943
8191500
8191182
8235187
8218311
8211408
8231340
8289701
8254741
8241820
8250911
8238822
8248285
8255961
8265800
8302653
8278649
8299711
8321056
8324980
8300255
8351280
8312728
8322787
8327296
8337764
8336912
8453548
8388468
8373669
8492978
8387933
8411683
8382528
8399291
8408008
8401553
8405738
8439158
8425016
8436385
8451229
8481919
8464491
8449370
8479953
8466188
8473940
8503437
8497005
8491283
8497206
8546160
8513779
8585235
8521293
8523231
8544304
8587505
8553973
8588247
8601114
8577516
8568943
8580973
8647481
8603833
8632686
8616004
8607886
8621466
8618717
8657262
8640453
8664801
8652091
8660880
8656947
8667895
8676461
8707990
8694128
8707487
8771038
8724343
8773367
8723923
8752071
8741025
8731925
8751867
8800298
8779375
8767028
8767707
8840786
8780811
8837970
8800895
8809589
8940715
8823001
8837137
8849704
8855483
8854629
8855807
8851745
8866661
8878652
8880244
8898464
8901399
8908002
8973619
8952193
8912583
8930043
8931940
8946011
8946609
8945428
8964205
8961672
8973300
8974776
9005103
8985474
8992175
9009741
9007101
9024885
9025099
9062505
9074298
9038775
9081336
9051414
9068583
9068230
9247363
9254254
9474463
9117947
9110900
9110754
9133046
9151693
9189072
9136204
9139083
9310887
9155576
9170189
9181609
9180278
9180888
9202227
9194066
9208421
9206117
9211991
9211902
9225121
9233723
9245670
9294373
9363171
9279677
9276022
9345010
9277481
10346222
9400289
9379031
9309651
9318411
9325901
9411640
9327220
9356643
9364296
9444318
9358722
9371858
9380881
9378751
9533025
9422786
9479334
9412041
9419023
9442809
9440237
9428238
9446303
9541313
9459306
9468295
9467654
9471960
9495793
9511241
9490885
9495301
9502692
9584736
9537837
9526517
9532547
9550388
9562778
9553070
9558762
9593605
9614330
9614894
9583147
9618395
9603070
9736138
9635858
9620373
9635890
9640347
9658938
9665536
9660327
9771774
9706563
9827810
9713722
9745525
9699021
9715039
9757754
9737223
9724185
9730092
9807916
9870232
9775949
9839307
9763982
9772558
9777483
9798448
9785039
9815023
9801640
9865231
9825167
9878392
9828956
9853341
9882401
9890617
9858061
9876568
9928806
9882895
9884308
9892770
9898138
9905675
9914304
9941521
9944937
9941775
9938756
9946071
10013630
10018564
9994467
10001787
10008110
10056255
10004942
10030754
10013998
10151014
10063930
10182215
10060072
10145240
10067418
10100571
10071037
10102924
10084669
10215290
10170082
10140440
10259000
10149913
10135124
10450687
10140076
10170453
10152804
10470795
10211414
10201365
10195797
10192303
10195015
10219934
10215476
10219419
10237986
10240469
10256271
10277918
10253761
10282163
10258335
10266825
10281376
10298497
10464710
10327362
10308602
10352291
10342125
10416652
10331842
10522919
10623822
10434500
10416272
10423906
10380824
10417404
10382490
10431755
10402013
10516035
10440364
10441815
10439843
10473838
10458225
10463469
10464659
10623123
10542476
10562399
10544032
10670573
10520917
10717597
10541603
10521981
10565217
10578836
10549186
10554736
10561696
10572882
10579098
10611529
10581485
10611404
10611201
10607821
10664511
10631853
10630466
10639369
10656087
10693004
10655193
10677532
10668616
10829766
10764433
10721495
10711757
10804306
10751980
10734191
10729848
10757696
10739724
10763966
10790870
10765536
10811956
10778778
10825122
10797132
10863075
10829184
10903942
10843405
10823113
10843228
10860679
10856026
10888565
11035060
10970722
10896890
10961873
11093530
10900107
10914065
10922505
10930642
11118481
10958104
10942543
10980894
10972129
10974647
11047174
11052348
10990168
11025270
11025647
11111411
11028887
11093855
11038001
11077055
11063035
11085407
11095324
11080524
11102180
11086870
11179948
11101300
11117841
11132871
11118123
11175676
11145694
11143447
11198709
11154603
11284082
11181843
11189560
11186052
11262108
11305858
11223693
11286144
11226217
11240799
11246990
11241382
11245196
11300492
11300427
11267723
11319973
11547174
11330729
11314634
11355952
11319550
11341531
11354736
11380625
11350823
11381065
11374361
11414988
11396285
11418387
11393604
11397928
11406271
11415396
11415855
11439627
11449540
11466335
11463891
11516404
11486835
11480461
11490632
11538438
11502159
11499111
11523792
11513051
11524681
11537952
11556243
11551369
11559237
11655221
11639489
11572663
11588645
11591319
11617179
11603638
11697535
11630494
11709771
11652136
11663767
11645807
11706141
11675718
11689150
11688215
11686764
11775182
11707070
11746431
11714831
11779862
11731609
11802124
11776790
11802391
11783660
11780065
11842174
12052990
11852159
11816561
11826295
11820027
11825237
11851269
11867742
11842872
11882678
11873456
11914180
11902074
11882993
11894584
11895385
11916514
11917419
11922574
11963321
12034606
12024813
12001271
11994241
11967607
12025653
12014169
11993197
12046725
12034067
12011072
12024822
12066339
12071902
12043024
12077927
12062378
12171268
12114718
12080868
12115314
12098835
12124609
12139701
12133644
12149500
12146302
12137735
12191584
12157963
12164052
12172783
12175480
12318044
12191358
12224175
12215304
12240494
12224808
12250692
12256759
12277423
12260491
12346780
12272888
12320985
12300713
12289077
12298610
12329455
12345188
12336476
12484548
12367919
12353514
12382313
12401453
12376311
12423342
12380390
12404917
12669561
12448933
12471331
12426210
12448850
12543709
12493230
12463980
12521443
12510252
12548522
12522310
12514556
12528945
12547626
12541505
12571225
12608031
12649760
12613338
12552849
12566115
12640906
12583761
12618679
12612158
12604288
12608922
12634699
12624662
12636980
12704165
12679690
12678226
12662927
12750883
12695513
12828644
12745645
12719593
12732822
12714838
12739936
12744723
12749757
12752537
12763897
12795886
12860765
12773085
12795175
12809108
12806099
12823545
12832729
12846106
12842595
12847380
12876612
12882007
12917559
12879885
12893589
12890817
12897266
12917322
12934280
12955572
12951367
12967908
12971076
12953424
12978223
12971438
12994472
13010609
12992453
13006972
13134617
13038893
13103788
13046200
13048443
13044434
13125778
13082210
13068241
13107720
13091395
13139746
13115391
13116173
13153349
13183424
13154751
13288746
13310781
13477138
13181488
13228757
13198572
13191375
13194971
13210953
13263308
13254441
13245668
13253185
14706569
13824945
14422640
14661725
13376577
13507146
13702697
15873133
17756820
17864758
17440081
16579327
15311144
14868071
15241019
14169500
15194385
13954553
13552616
13598288
13614856
13704821
13590592
13561422
13570781
13648224
13662674
13595781
13562270
13606488
13625114
13659872
13527642
13535529
13535203
13525120
13532560
13536124
13602469
13570552
13569452
13797832
13615784
13608297
13646356
13607626
13624093
13626129
13686167
19286013
14180636
14174596
14080774
14012434
16565496
15847445
16002216
15557608
15354888
14579966
15360313
15392864
15183802
15045545
14071348
14045350
14056136
14063866
14017112
14049960
13993940
13973566
14005315
14519067
15162564
15165191
14562975
14352194
14021352
17958795
16872629
14522946
14393137
14020187
14068893
14024745
14114093
14021333
14057910
14095044
14098969
14105269
14107586
14094609
14101337
14115402
14116184
14148364
14142442
14097380
14120514
14129025
14160956
14179801
14190734
14204478
14180957
14162933
14178896
14281630
14201267
14229138
14287898
14247419
14195477
14180846
14203382
14191878
14210667
14270081
14253983
14301729
14255272
14406437
14428332
14447596
14495428
14435937
14358355
14445128
14461275
14314611
14335659
14316959
14341589
14356202
14394409
20001015
18034126
16224938
15379213
14682931
14550499
14599295
14557682
14447425
14452300
14441865
14475542
14452906
14470517
14504814
14482591
14729025
14496477
15006927
14686138
14528955
14795433
14761427
14742223
14850167
14815803
14858717
14756583
15176596
14705687
14881335
14856448
14653026
14664677
14685011
17490229
19051730
17862350
16460595
15244631
14836340
14823818
14886742
14803354
14887169
15036069
14818280
14854195
14889021
14781443
14786929
14785649
14788205
14860530
14826277
14856840
14980031
19422153
15947102
15730903
14958773
14876037
14886398
14922179
14893055
14943312
14960803
14981387
15074769
14974935
15000881
14955090
14994641
15053381
15062518
14987395
15011051
15017470
15041008
15026400
15044642
15084381
15049353
15077708
15081118
15733355
16038979
15871598
15686658
15904742
15411730
15289693
15469344
16980609
21559892
20588827
20299751
19859119
19477299
20386949
20088253
20103738
21180752
23413123
22380017
19999673
18682397
19095245
17035074
17346706
19121117
18712234
19793287
19059058
19007020
19318427
19022356
18233301
19107848
19301761
18802026
18611042
19072096
18871067
17127251
16123483
15802021
16431391
16252107
15904267
15860763
15692204
15850101
16549112
15933274
15847981
16538290
16484933
16581155
16557008
16622193
16567997
17646111
17286803
17790203
17501120
17045059
17241213
17601433
16863815
16761101
16909077
16532826
16015008
15775182
15748805
15821062
15807413
15884424
15745069
15760167
15807285
15847033
15791429
15794023
15778713
16231445
15917693
15873714
15900587
15885721
15846197
15860083
16054435
15938848
15993494
16000138
16028888
16023059
16057916
16037608
15967190
16186171
15954886
15968822
16009474
16116091
15989392
16012797
16017999
16112412
16059524
16027865
16083680
16142904
16060893
16156690
16122674
16063119
16142403
17792290
20647511
19369100
20278089
31758524
34710153
39728617
23400959
21345166
21494774
21783405
22569605
25783854
24519603
21351002
19661613
22028862
21980590
18006092
16572589
16575480
16346799
16323412
16365153
16369176
16463089
17028393
17456146
16676518
16810422
17142909
17107917
20410171
17253634
16385614
16483644
17300148
16520742
16513310
16956810
17554116
16985495
16961517
16843137
17036604
16994600
17230642
19662163
17027821
16898229
16932259
17075429
16589992
16591028
16703654
16713690
16828581
16710986
17115666
16717733
16700830
16787800
16686635
16686174
16681859
16699109
16742812
16668194
16710124
16693206
16689223
16980846
16742638
16739357
16801661
16755350
16769958
16756591
16769404
16925507
16904401
16862783
16881710
16893990
16858805
16888860
16899388
16905650
16895970
16968753
16921264
16937599
16915770
16891616
16915966
16918501
16950580
18464410
23582858
19118182
20563235
17672628
17710395
18081328
17967193
17814297
17830433
17824612
17810268
17663840
17339756
17335919
17352956
17347356
17419532
17427706
17391928
17403793
17400724
17428266
17393468
17410029
17472414
17511610
17425055
17479135
17424029
17337353
17460564
17400457
17488499
17830468
17886478
17704646
17637524
17645552
17668742
17655554
17720528
17763305
18023597
17748020
17698864
17709001
17703213
17718613
17739823
17753081
17781413
17793736
17808543
17804602
17862915
17771377
17490336
17501848
17455410
17468921
17484038
17505532
17502027
17510778
17524949
17534838
17531641
17552543
17564453
17622054
17608635
17600667
17599974
17676357
17616434
17620136
17687875
17700002
17774636
17855088
17847235
17959150
17883284
17865708
17911516
17891288
17925794
17931102
18009763
17845852
18768131
18018353
17861620
17950838
17885474
17966389
17943320
17894050
17996218
18122794
18175276
18146558
17951122
18040053
17958676
18043701
17977015
17930038
18080127
18004430
18114005
18194053
18227929
18213262
18132470
19077325
18350326
18166719
18300991
18185552
19636659
18218668
18101010
18083048
18313671
18105993
18143860
18134450
18155691
18147944
18146890
18760615
18519224
18580513
21164957
18663807
18503853
18780884
21450879
18558811
18546186
18621025
21365645
18527394
24022869
19818075
18305667
18378085
18420255
18341623
18495459
18909606
18424506
18418130
18813579
18508515
18386895
18381260
19028289
18427114
18440852
18900252
18585447
18480363
18451546
18948036
18637246
18522784
19032638
18846989
18515779
18545343
18986620
18869110
18632540
18957505
18866843
18592363
18613614
19078070
18824765
18605186
18630848
19480179
18879292
18760336
19133584
18796205
18694176
18697512
18741759
18702520
18731094
18711810
18730906
18745338
18735751
18867530
18921137
18799608
18848905
18839727
18896124
18857156
18933137
18961696
18884505
18906506
18860943
18944015
18986159
18931442
18938298
18960488
18954973
18965772
19046154
18940769
18989033
19007207
19038084
19028879
19035329
19079927
19127437
19086393
19080915
19099476
19122090
19117850
19337397
19155466
19143261
19164551
19190595
19196608
19140501
19254838
19208301
19425990
19243190
19255877
19299997
19271954
19364422
19302477
19290119
19318317
19315511
19314587
23111460
25280416
24792093
24843641
21482745
19931423
19934175
20454655
26344873
29434620
22049774
22388714
24657615
32111400
27018289
25019067
21221565
20801951
19926829
19841816
19901292
20002824
20403639
19887824
19868665
19918452
19877313
20271943
19610268
19668072
19608624
19619473
19601597
19653198
19696471
19640881
19640519
19685726
19669323
19721817
19750770
20123394
20093717
20081433
23995796
31539869
27296538
26428395
20812426
22825893
22131633
20389917
20139644
20084739
20454648
20401600
20337973
20240909
20153858
20548626
20196125
20405759
21966136
23152555
26109702
27811138
25891474
25201445
25620569
26764792
26375164
26493147
25791127
26243702
26709333
25264811
25862517
25468351
26670148
27877624
26848964
27641068
26591204
25853083
22988393
25548201
26480299
26459796
27699462
26925309
25596939
44130227
38547753
39426858
32760648
28577835
24840837
22716608
21902218
24100119
22131343
21242441
21770226
21470552
20413634
20442801
20919663
20449345
20374799
20405135
20370807
20425448
20449283
20432290
20411024
20412390
21006277
20642267
20635936
20818632
21483759
21417061
21246190
22409236
24072177
31530954
30552475
33235116
33363663
30521686
25909206
24328881
22171590
20949728
21068710
20879407
22497975
28303430
28403609
29145437
28702430
27685835
31133720
27227145
25414542
26717655
29841996
27793715
27212480
26032235
29083457
40643348
49394267
52404328
50051140
43658537
39836042
57082509
35863800
41644556
44787855
48544856
38192606
35732218
31667804
28202705
26593431
24834841
22385746
22138663
21769339
22170447
21160786
21006621
21003741
21072389
21117163
21060767
21075832
21080728
21130464
21092095
21126938
21176379
21197934
21130552
21145271
21148185
21221161
21190213
21172787
21178353
21441533
21528345
21216723
21223820
21420765
21871230
21320202
21506633
21610886
21738383
21342351
21300369
21844314
21585649
21377573
21383610
21954062
21387937
21344405
21661898
22670755
22943897
24362563
24203529
26424158
28897153
28942292
30041948
28054673
24970167
25360510
25334692
27771142
26392541
25220991
27454620
27907658
28308916
26703553
24314811
24408558
23320552
22293575
22925176
23156516
22338649
22774866
21897896
22217552
21963628
25392693
22195709
21865136
22788108
23347304
23095867
22995560
23027994
22659632
23526607
22741586
23197945
23438270
22546645
23305167
21999419
22847188
21998871
21953827
22464851
22686327
22394147
22244417
23397168
39256020
38219642
38875849
30263121
26587692
24036218
34404171
47338000
22621218
23607145
27308633
26888182
26903820
27846498
28953081
31836657
28470710
27392142
29334598
27225712
37174420
28529519
32252035
36255436
28182593
27874343
27721283
40750176
35206397
39396851
36865971
32606059
30650210
32238263
29443669
25837630
29376926
30644745
30306751
25016602
24455244
23332505
23874157
23502812
24189814
22909840
22491107
22384503
22444718
23021403
22465560
22538567
22517996
22526502
22593350
23339489
22480646
23654480
22863018
22584366
22528545
22597150
22712122
22564758
22599189
22605594
22586685
22595301
23099353
23130512
22625951
22628782
22904871
23293522
24589525
23491283
23437449
23415523
23459704
23677384
25061542
26789624
26008410
23537072
22841100
22876129
22883446
22900715
24300105
23741165
24186694
25678432
25674006
25135932
24847812
23444837
24274016
24497772
23969447
23907443
23533651
24194017
23719980
23193209
23028124
23538991
25109987
38236570
30836909
26608143
27755527
26742195
24748488
26055034
23308277
26328898
30386209
33520635
27795445
25153666
39356614
30834459
28013720
26543955
25347422
24074003
28614322
27625356
25093926
27162955
25935406
27436881
27442126
26155760
25521968
29565724
35719958
30313969
26780640
24907281
24250820
26078857
25259952
25560196
24999813
24754120
25160159
24958919
45648855
43846332
43385337
35636196
34477506
30720597
27328417
26638532
25642534
24844625
25629001
25206666
26332116
24839557
25368226
25294792
25533467
24800481
25282782
24989953
25216189
24624462
25715804
26667810
26471795
25934064
25996114
26810853
25445163
27757464
31089708
30493468
26677185
27444189
25998079
26614990
26459000
25105138
29878791
32007457
27286254
24321989
25025429
24250449
24063704
24257847
24580874
24745275
24007358
24398126
24999777
24660826
31644100
28581216
25195779
24488649
25422771
25133948
24672720
24831145
24442686
24314885
25949039
24147290
24185936
24942130
24857026
24395667
25675096
24793561
24425483
24405595
25792318
25159349
25313227
25317767
26278070
25250549
25759806
25231459
25770769
24454555
25002988
24413250
24453955
24532856
24931800
24380620
24386620
24510098
24929436
24445303
24410170
24446983
25070197
24591515
24580307
24498815
24581628
24560799
24506252
24528871
24586767
24633943
24540405
24660042
24601753
24590741
24664340
24651113
24649368
24714555
24708693
24653544
24664863
24722380
24817740
24747364
24925146
24731610
25848372
24886483
24735563
24783406
24775049
24819507
24817077
24813493
24842288
24936941
24844041
24881084
24870571
24903293
24864433
24972622
24928084
25033908
24977447
24935223
25080967
24977528
24999610
25000706
24976919
25013449
25025629
25022636
25023884
25126859
25049980
25069423
25170586
25118096
25088081
25122286
25135060
25144316
25139074
25165088
25152422
25183843
25172809
25264182
25188939
25213339
25242970
25253323
25411528
25285652
25287644
25293754
25368384
25386897
25305880
25341703
25357131
25456190
25418117
25373097
25378713
25456209
25394677
25406966
25453176
25449290
25442898
25466246
25456213
25518533
25493396
25526278
25509602
25567681
25519733
25618891
25580091
25610273
25572364
25591563
25588283
25612017
25614058
25651235
25643766
25704415
25687010
26565949
26041470
26169399
26222888
26160744
26359145
26641084
26361049
26319933
26727111
26293081
26072738
26095778
26057437
26196785
26158276
26156808
26460572
26177042
26239712
26159281
26300786
26245433
26171126
26420524
26250330
26317566
26313439
26228452
27096937
26628797
27038741
26613603
26821416
26573497
27096075
26856136
26561059
26623946
26139216
26680553
26994510
27016192
26484935
26700711
26536227
26656686
26966350
26691398
26737400
26546831
26696325
26725350
26522350
26587250
26530396
26597080
26539377
26350652
26366009
26370879
26387194
26362798
26372350
26540487
26406480
26439045
26451000
28225915
26691965
26479461
26470613
26478873
26518166
27129868
27972008
28203534
27576598
27959745
28362123
27492512
27472500
27070617
26998353
27331524
27043905
26884638
26973482
27101965
26912556
27140968
27817889
27015416
27169689
27095439
27129431
28064145
27123369
27403027
28529847
27546314
27455653
27757757
27756064
27184343
27135328
27464328
27772195
27299847
27301870
28197266
27359596
26937574
27157605
27544140
27058281
27054088
27151983
27563261
27409681
27498133
27242023
27436671
27446514
27313102
27251512
27292100
27236165
27360782
27350395
27180022
27287584
27523613
28354391
30201290
29409445
31231576
31686110
35425078
28363692
27705595
27945684
27518730
27287887
27298512
27607437
27554181
27762896
27711339
27684962
27600632
27575131
27612484
27720188
28362828
27864001
27664587
27800702
27771767
27826651
27931529
27695076
27692436
27672649
27708380
27684785
27755740
27882016
31659760
33309222
35146512
37917507
35627198
34896243
35619877
31416799
28203066
28041938
27973324
28373025
29113884
29835948
44768549
32718780
32952573
30728931
31243849
29204952
27905510
27885834
27840907
27883618
27838123
27966367
27905951
27901759
27901909
27919054
27943912
27942572
27955328
27949819
27985245
27970263
28194393
28381930
31893478
28517165
28180915
28353748
28233825
28380364
28467545
28446860
28456256
29045744
28424350
28415855
28547692
30145767
34375657
35783763
36347897
32966307
32776664
33523094
29875091
30027219
29630977
31295328
31466027
31268642
31761939
31432861
31770963
30709897
30194281
30664609
29586251
30237705
30327148
31689320
31047061
29959998
38684291
44624408
41482263
35981755
33172628
31502606
30744804
31718120
31623417
30253819
30666072
29887674
28744940
29239848
28680294
28678931
29285501
28763879
28732545
29341393
29349019
29863470
28893119
28867344
29256717
28752482
28966580
29315630
28861837
29010355
29419884
28906585
29316382
29150809
28893106
29411942
28950417
29303895
29308021
29980543
38532208
32651129
40346079
37022057
37296752
31553692
30615673
29491737
29248003
29126154
29228094
29129182
29096748
29270981
29262656
29228624
29255782
29250726
29193820
43986671
40924021
35552250
31721043
29846670
29937449
29704159
29639580
29576827
29616975
29847210
29718656
29478578
29508700
29625761
30843905
30037805
29622990
29680805
29583892
29439312
29606448
29463699
29555084
29495671
29471610
29484810
29502927
29563191
29595683
29538556
29560466
29558725
29652077
29560072
29648956
29613271
29806879
29601466
30101571
30771471
30715653
30004263
30424189
31048041
30711343
30712744
31006292
30579697
30377959
30211618
29761284
29872563
29811444
29800631
29801055
29875290
29998127
29932502
30069601
29896090
29942331
29956510
29936087
29923804
29933677
30082366
30014889
29950155
30028664
30055231
30015969
30058250
30045467
30057357
30114100
30081879
30058040
30082069
30333126
30128497
30396111
30191375
30199011
30241297
30315858
30170433
30251411
30185367
30223048
30280295
30260791
30332002
30311531
30359214
30268100
30345367
30362296
30409964
30542353
30408956
30452264
30494264
30441337
30369968
30431117
30418843
30485847
30984349
30458837
30536439
30483080
30567426
30624054
30513248
30647302
30520647
30598730
30588846
30633517
30606854
30654889
30722516
30773425
30728269
30633745
30645148
30672438
30791668
30717847
30803355
30737733
30768356
30986817
30841721
30803921
30781717
30862952
30834305
31013462
30825386
30848534
30870432
30951694
31958721
31004269
30934191
30913071
31053521
30923079
30948665
31018966
31048727
30985031
30984349
31112395
31146792
31105090
31119113
31096327
31263936
31103452
31175946
31160808
31160943
31153320
31156687
31270889
31164928
31189619
31341272
31240749
31319994
31233091
31273845
31345320
31360775
31442132
31363024
31441033
31322469
31442067
31460901
31479363
31356662
31415850
31380770
31406740
31431199
31451589
31433814
31468158
31617793
31558232
31486032
31498237
31544038
31567466
31569347
31682140
31582276
31617327
31584218
31666546
31607364
31712175
31631758
31676521
31649067
31947728
32067581
31847904
31747572
31900674
31763301
31802628
31768243
31797907
31844415
31861550
31798065
31850679
32325104
31881269
31922445
31995237
31905073
31886292
32006021
31991885
32036480
31993693
31963761
32148957
32049053
32118698
32065775
32200357
32054665
32171510
32198224
32216831
32152993
39351216
32138818
32251127
32431861
32195611
32167656
32441431
32538329
32212545
32247725
32264648
32265513
32531871
32280664
32282252
32396838
32344323
32307808
32321200
32457586
32349082
32700130
32548339
32465220
32408754
32447161
32412921
32468284
32837563
32454112
32457636
32482245
32634080
32585912
32518964
32576264
32522603
32532759
32549076
32572421
32719111
32647876
32622954
32654010
32843163
32736688
32711723
32661782
32782542
32781839
32727667
32855945
32766471
32780376
32759285
32788880
32791094
32838118
32874965
32819411
32875758
32892597
33071004
32918037
32953197
32969707
32921843
32994288
32930327
32951117
32965354
32979789
33049846
32988569
33019252
33037945
33029161
33114042
33066242
33062084
33100861
33135008
33273836
33381029
33319456
33133444
33315575
33157434
33239269
33220827
33338589
33295587
33428126
33505855
33329308
33282303
33295808
33294414
33325852
33370436
33454710
33535051
33378378
33378093
33463206
33419589
33461158
33499655
33595414
33591871
33563110
33498953
33485446
33570560
33526217
33578890
33594574
33646416
33578003
33565496
33690438
33665630
33717164
33704748
33670764
33661774
33821020
33765296
33788785
33792886
33726002
33757116
33760636
33781333
33770657
33824889
33944722
33863023
33829457
33872828
33836037
33869664
33865932
33915987
33954813
33978159
33945231
33968584
33950577
33973156
34517611
34062062
34039545
34066888
34035309
34051982
34041784
34073344
34113298
34084294
34189817
34123610
34150044
34166722
34235182
34165178
34201687
34223904
34316602
34208961
34323826
34315376
34325055
34252157
34293102
34317703
34303666
34312166
34330385
67764296
52485054
35503195
34781691
34565252
35287877
34696070
36364616
34533780
34512678
34571490
34587448
34518822
34544007
34523982
34697822
34577557
34560967
34612124
34626637
34599013
34629403
34688113
34644567
34702303
34702906
34665882
34863870
34841345
35137366
34824032
34850256
34858141
34886067
34786387
34802255
34858659
35150592
34819350
34838197
34962142
34937011
34894085
35106875
35001239
35095961
34934198
35035692
35011344
40335513
37239561
35028879
35120002
35062564
35031959
35247087
35101851
35110598
35174488
35174957
35121037
35135206
35202096
35154384
35170271
35292170
35278763
40162291
35213596
35272952
35235107
35385514
35396486
35413698
35292446
35321892
35367454
35324243
35332570
35348583
35476836
35444681
35438778
35456131
35626891
35439816
35457433
35476873
35540025
35579714
35511549
35607709
35523600
35577470
35575341
35572035
35729033
35663882
35610090
35614191
35653930
35724968
35651879
35685673
35788967
35731328
35782007
35819826
35745829
35800887
35750508
35870845
36767366
36506695
35980622
36080951
35909702
36795504
36620626
36496084
36849590
36548051
36483834
37051712
36137359
36065775
36225390
36253799
36497727
36294704
36279818
36232623
36166321
36168406
36167961
36110682
36250967
36452826
36418978
36575026
36559938
36774672
36653392
36728962
36409831
36568604
36687692
36705632
36750047
36759228
36628972
36865899
42790380
36598145
36615761
36573629
36664093
36984645
36489419
42008663
53487781
46953183
40581393
38311351
38892417
38538935
39635101
38796692
38897418
39636490
38397069
36910915
36712945
36668434
38769993
37046042
36658632
36734169
36719704
36713250
36701597
36709539
36759948
37529812
37766037
39511381
37441993
37224676
37246192
36870600
37964485
38028603
39660353
40494983
39481836
40312138
39036350
38544704
38620835
37971980
37224113
37813131
38271193
38381089
38553433
38045845
38888482
38597961
39011017
39230956
41054450
42759313
43324911
42427724
40692878
42252261
41447746
41209153
41754601
39953908
39660376
38082001
37798818
37778101
38234651
74962312
51159766
42938838
39251261
37857859
45158398
37547380
37726888
37810958
37622174
37844937
37581908
37959489
37698755
37520015
37657156
37750800
37714586
38910211
38938335
38894355
39573415
39474469
38949765
52247014
42335763
38105410
38468662
37757566
37893004
37807826
42494291
37870438
37790218
37786509
37790796
37818501
38121070
37848920
37836178
38033120
37930059
38308529
37882541
38294467
38133263
38092234
38027247
38460022
38669956
39167084
41591097
41079496
42128712
45385954
48597486
46521311
45499604
52886218
53921925
40400214
38244985
38239313
38197521
38212588
38309137
38875970
38482281
40670113
42860519
43776954
43731957
41715762
41933232
42827946
43632746
44242127
43674888
42659805
41875418
39829926
38551190
38432715
38791528
38617742
38516025
38546123
38487665
38504018
38748662
38504685
59583611
48260034
45079391
43829858
41059546
39211967
39744771
39013733
38854528
42708515
39871539
47509021
66719049
46400987
42690624
44243772
44266168
43312909
45217923
43318222
41110546
42642824
46046511
43160248
44419310
43494031
43046769
47032700
41949892
42869176
43155738
42615975
39977316
39077005
39070675
39548434
43619396
44432167
46445307
48681889
47894695
49780106
43131880
55444137
44322022
39716302
39612476
39297614
39177720
39584236
39984811
39985882
40281304
39931548
39851551
39854412
40084993
40158716
40290100
40296012
42687784
42544864
44728729
44689570
52573362
50881138
47964368
48792702
60100709
46472720
45510445
39909518
41410990
40210856
39731822
42534629
41397164
39589510
42505876
46168207
43765582
47999166
50725353
49511045
45801092
46034992
58735612
49030719
41559395
40078666
42721520
40223781
40374534
40420009
46988972
46093551
47428875
47270565
47451884
47164872
44556892
39980842
39993347
68506046
51934114
44748443
45658495
39985081
40191729
40057898
40031198
40059611
40138334
40383032
40144602
40142565
40126042
40129027
40137026
40187082
40433547
41760265
40257841
40323283
40304343
40250053
40356483
40353486
40331536
40330361
40365590
40352401
40986395
40444742
40371568
40461577
40445345
40558548
40593266
40413184
40480820
40496533
40484602
40526847
40508353
40593712
40544423
40811617
40814920
40573721
40796750
40751540
40687615
40645571
40721390
40817797
40716381
40908341
41526538
41521012
42215189
41414794
43291164
43730083
45975668
46860559
46402882
47967814
43006909
54368733
47227440
41075662
40943641
40982317
41787013
40969306
41134740
41010552
40975356
41050045
41268445
41138101
41175268
41074190
41085509
43133508
41196074
41252531
41150495
41149229
41255835
41266272
43362178
41712454
41553536
42416751
41998883
42464459
42460734
42656141
42604636
42433260
42241980
44687299
50106824
42002809
41846088
41424648
41607969
41440973
41506471
41746949
41495446
41442467
41533232
41816256
41753912
41927821
43079254
43675200
44045823
42432828
43217973
43320814
42113602
42271779
56023633
43367906
41779149
41704922
41754888
41746750
42042189
43459366
46626944
45350679
47165015
45458570
43805574
42970122
52951419
52531768
43748687
45304121
42014187
42094631
42114086
42168314
41959898
42033837
42011378
42209978
42117865
42077664
42113853
42073520
42072377
42114288
42140742
42119930
42119517
42149662
42173428
42219091
42285902
42229889
42249460
42246123
42449015
42262752
42292473
42304412
42342296
42293179
42353184
42396460
43034122
42574008
42506064
42464474
42422678
42454221
42495236
42490175
43571763
44746585
46809840
46725643
44819582
44848717
45227770
45200011
46133558
54304869
48606258
44581474
52450371
43308435
42784658
42918610
44074134
43919749
58849411
43934257
43569845
43614137
43665214
43470428
44492390
43649594
43202721
42997199
43335419
42936831
43007044
43036951
42963187
42943649
43105964
43056907
43070434
43098064
43443119
44110294
43087046
43240395
43184151
43077529
43184586
43615207
43216718
43149819
43178833
43298197
43196025
43199406
44261765
43220824
43302052
43366670
43268096
43302934
43320890
43479341
43359614
43414188
43489477
43364280
43668823
43389791
43443066
43417289
43474429
43460958
43617341
43613471
43505770
43621100
43536769
43707077
43589889
43598290
45072160
43602886
43729607
43677845
43956914
43948529
43746104
47492091
43973008
44333132
43845078
43758287
43748846
43817592
43805222
43823767
43833365
43914535
43950676
43949812
43890342
43961535
44059304
43970665
44022444
43983053
43998520
43999426
44000227
44063805
44696540
44127880
44227128
44065455
44103082
44128177
44286644
44248011
45085485
44461929
44409173
44241707
44465768
44223956
48242349
44324144
44277274
44291943
44290017
44782700
44528837
44449815
44416229
44410317
44726006
44552721
45148700
44961575
44890232
44821147
44964110
44817356
44522526
44680552
44618491
44564085
44578343
44642613
45235101
45511498
44692220
44628667
45248500
44824902
49105170
54486804
45000277
44777918
44788809
44763090
44834509
44749828
44793950
62949097
45132142
45454658
45398232
45334260
45496596
45539573
46100907
44926378
44946367
44999874
46500944
46212021
46209379
46622645
46973499
45729228
45724546
46429775
47870835
51523428
49242105
45880441
45639017
46003653
45735679
45665515
45656086
45596927
45385276
45262960
47572697
47121294
47902472
47557459
46579363
45997937
46134889
46146945
46245429
45759647
73057927
72651677
48181704
47346841
47280864
46565525
46458318
46067168
46051739
45905188
46166287
46058828
46158861
46027397
46522785
46203729
46288529
46134141
47399288
46960658
46985327
46889372
46782233
47165870
47522551
47270530
46923788
46987674
47079242
47543140
47304384
46101696
46012088
46008733
46202719
47005796
46109597
46097730
46343449
46254133
46051716
46123111
46067400
46108655
46369364
46131582
46127888
46116261
46238779
46387368
46876172
46560067
46657995
46686142
46424353
46688699
46960815
47213561
47059549
47139817
47220884
46905784
47213791
47205068
47096852
47317245
46952919
47259331
47212435
47188179
47174059
47304566
46893487
46924233
46842560
46694749
46581096
46690717
47057320
46639520
46586302
46827705
47522353
46789345
46746155
46684101
46802698
47013104
46769167
46809527
46832701
46899895
46980763
46869414
46833104
46913526
46895422
46939930
46927076
47782332
47000109
47131113
46957174
47051846
47847733
46987714
47391625
47709843
47588796
47121962
47178879
47057401
47074980
47113175
47273377
47117262
47135014
47193945
47170854
47178068
47284473
47231881
47228206
47340471
49013361
47572384
48163547
47939978
47422167
47824663
48461828
48332706
48296144
48734438
48450400
47735107
47684712
47569895
47650894
47548238
47571258
51567463
47736450
47765144
47821851
47753909
49739390
49023160
49163490
49302848
49092788
49201997
48690218
49629747
49268890
49218724
49160905
49123605
48806552
49151572
49225311
49260654
49241706
49239724
49313063
48935243
49433063
49962664
49294524
48481146
49992175
49039317
49661790
49375599
49432875
49431562
49366363
49364873
49254548
49049340
48262540
48190990
48498840
48499533
48434183
48233466
48338578
48275821
48355985
48332882
48546301
48391098
48626385
48652118
48508660
48376620
48688000
50511230
50069925
56218218
51661186
51245161
49329518
49096230
49322048
51634925
58256679
56755062
59038327
54768476
51938850
50513529
54076864
53595587
54010606
53206864
49124240
48919481
49040867
48885948
49006332
55649486
49075386
49006230
48842301
48848919
48834362
48847452
48965115
48850618
48841039
55866960
57134306
52373218
52240305
52014284
49321763
48981987
49062826
49083782
49133602
49132192
49141338
49297646
49095714
49077441
49290543
49139319
49094245
49136467
49161231
49304120
49511363
49243737
51165661
50905405
49325151
49394293
49428790
49923428
50134665
51991194
53193294
55233293
54284678
53891168
53917718
54645100
53197079
54070181
53435333
55183301
53283617
56332411
54161659
52634966
49724235
49596577
55901970
59779074
50460211
50086857
50078943
50011759
49879158
50040384
50191447
50314728
50736514
50132112
50229350
50315819
50152836
50005077
50049868
50221317
50052011
50278399
50469658
50214648
50449975
50101260
50569621
50707609
50503728
50342716
50204544
50147980
50192309
50209250
50067330
50672438
50206431
50448012
50408114
51071256
50476735
50470555
50559297
50872800
50704963
50514185
50403703
50390309
50417749
50625749
50809054
50823107
50742452
51557027
50979297
50512917
50553627
50461532
50538233
50552373
51216270
50603219
50567069
50881794
51608316
51275820
51171533
53437275
51091994
51051591
50876088
50686671
50703224
51013003
50801059
50844917
51853074
50822363
50923371
50765979
50878224
50833999
50950143
52268370
51874577
51293340
51213720
51157196
50930365
51075568
50958744
51296316
51060243
51153448
51145709
51053522
51108556
51169773
51308504
51978840
51254351
51519296
51461713
51241437
51423330
51434756
51375138
51529120
51232185
51466609
51308806
51307721
51815191
51594402
51549176
51617402
51720279
51969354
52335477
51432120
51502294
53100197
52111217
51822765
51858201
51675871
52237765
51734650
51965979
52025487
51837289
51724789
51917629
51855983
52107820
52211676
52130721
51840537
51844424
51797368
51731921
53135467
65925774
65165804
62629824
62312364
52786544
52077871
51906891
51943075
51983218
51958101
52016234
51963092
52082941
51967419
52102922
55199849
52553799
54308898
59892414
56241429
55571337
52191651
53962233
60042141
53535332
52479696
52282313
52563250
52720303
52261646
52445945
52541394
52370715
56245370
55043704
54544594
57908968
57184381
53619817
62929655
59731589
52650062
52505633
52554837
52783746
52606157
52480309
52540917
52588006
52589645
52542129
63174193
98607905
75572868
66122245
53770389
52657958
53003168
52665320
56345087
52825724
52901603
52944297
52867322
52996408
53026901
55521411
52971127
52935964
53147608
52920956
53363710
52885693
55799730
72404652
63686048
56179418
55207839
56282469
53292504
53268787
53182144
53217526
53075350
53236152
53614716
53920672
53170617
53232827
53771300
53525777
53681626
53829804
53358604
53377215
53635566
53649581
53640934
53604438
58019548
54152771
54079639
54056195
54008299
54099851
54156958
54087249
53809315
79143560
56693455
54046574
54627633
53624468
53881828
53623731
53967350
54007963
57341599
53975734
53865916
53962082
53900345
53935537
54596123
56627440
55294640
54630261
79257380
124075131
106755694
68947256
55729535
54394669
54012560
53897482
53913719
54025503
53951786
54063254
54142180
54478880
54954859
54341885
54211908
54326048
54432086
54232216
54428298
54211094
68060382
60247458
56459334
56259527
56205756
55963555
54440698
54266696
54499767
68471924
54520001
55785733
55124950
54510894
54444792
54488261
54593372
54617284
54449501
54445419
54589679
54605772
54957979
54537965
54602492
54616340
54548640
54736824
58319635
54624321
54707330
55759869
54739550
54669882
54805383
54717558
54743456
54735461
54865864
54904887
54791464
54807490
54801172
55035056
54876982
54953917
54901711
55151372
55261693
54933946
54990203
54979641
55013219
55147668
55170136
55053697
55116827
55058378
55166861
55140043
55313103
55141579
55227732
55342402
60555971
55184784
55229133
55404616
55326280
55299673
55501328
55473874
55389186
55414277
55339705
55403491
55429882
55391056
55429767
55445080
55619554
57308590
57320942
55496419
55580689
55649350
55693051
55593497
55708108
56022267
55566471
55658013
55654736
55707190
55687212
55725341
55695002
55814023
55807373
55800083
56037550
55793353
55842300
55834275
55886491
55852516
55875606
55868163
55959232
55894569
55899842
55979508
56044917
56018566
56154380
56025832
56046813
56052728
56165814
56230147
56103374
56354978
56127136
56158036
56221788
56415090
56377358
56410936
56381758
56546453
56706228
57167506
56578840
56494308
56435901
59590589
58733571
60846104
67651308
62135635
60242158
59635754
56598259
56728440
56840106
56600102
56707106
57425285
56993353
57324719
57428198
57786062
57603871
61578243
56957897
57061190
57106292
56975430
57034301
57033179
57347077
57012653
57104715
56985773
57139172
57044768
57156057
57225233
56956188
56913470
57055635
57037947
57027288
57014301
56973771
57130683
57123281
57294079
57192614
57077040
57293054
57194107
57146605
57298539
57211233
57301202
57373655
58053173
57602682
57573834
57490732
58284997
57491511
57623241
57437896
57745255
57586813
57692479
57650746
57726546
57833348
57656405
57647470
57548212
57584652
58757027
58395026
57734090
57597816
57630536
57686649
57860296
57663284
57702249
57810880
57777903
57872498
57684899
57950970
57714405
57800189
57788098
58133454
57895071
57824285
57948103
58823460
58044075
57866137
57884351
57913208
57990632
58111626
58053358
58097858
58157630
58109040
58388942
58213880
58492109
58237337
58404694
58306354
58393321
58701683
58371281
58519448
58497013
58516069
58673018
58648067
58567223
58441663
58427213
58382044
58467104
59285074
59069547
58931644
58838692
58901176
58872285
58725358
59132781
58946361
59068463
59249861
59206730
59034079
58859195
58667347
59169352
58930656
58783740
58797326
58722568
58840830
58684703
58770710
58796117
58712031
58855404
59177403
59259487
59101894
59362489
61219781
60869418
60163959
59588937
60364603
59740427
59214849
59277784
59138159
59486810
59269142
59614931
59342038
59726526
60418037
62526601
62379205
63740593
61560125
60482868
62555601
61064103
59292260
59321097
59428787
59476816
59428358
59401240
59433681
59537381
59503341
59524879
59531630
59641972
59601198
59512579
59609213
59501303
59551512
59598568
59516558
59633785
59557401
59582849
59668906
59604107
59710246
59702228
59674215
59652569
59686948
59756556
59810784
59753660
59990863
59780955
59846811
59785677
59855692
59875931
59858552
60069248
60180211
60087830
60113523
60065958
60257400
60154028
60097156
60196200
60805689
60405554
60273624
60277543
60463765
60714661
60749878
63057386
65055005
60480311
63051745
68859712
61822713
61767749
61315013
64624159
61525767
69861344
72440180
69112151
62469710
60898762
60801699
60523341
60460607
60513566
60604447
60511256
60504776
60629069
60609220
60751550
60622556
60623694
60608259
60772873
67208911
60841763
61782343
74122723
66120914
64737223
66330315
66352425
61250794
61139477
61297062
62185358
62252858
61966816
62159795
62401674
61129138
61102377
61075855
61212470
61190968
61048373
62094852
66892899
64747430
64047523
63343313
61175305
62018948
61267135
61143626
61290222
61279787
61230368
61281618
61964257
61364070
61675800
61841682
61880679
63021739
61443859
61510162
69133895
69277491
67205965
72156913
63591932
71276959
68705683
71445396
71867802
65696818
71867330
66251490
65751560
71093911
65580779
62434348
77974658
72640586
67895939
65865746
63021946
62223489
62531207
67146116
73402892
75929197
65695298
63497276
62531062
62120642
63638867
64908409
66531804
62538066
62541098
62074293
63076108
62822632
65875612
66314523
63270469
63209565
62803500
65583332
63863306
63679458
63183834
63180618
63529515
63198079
62955094
62983186
62928433
62730236
62755945
62470277
62559652
62695871
63060871
62536889
62711730
62467463
62752502
62544050
62751239
62533502
62517629
62611934
62590034
63443571
63571507
63383392
63839387
63430393
62898758
62831570
63367601
63135990
63021076
63087189
63083126
62990480
63037639
63072093
63096837
63033290
63126614
63130393
63254210
63233019
63338750
63293191
63080195
63167735
63135811
65633487
63413776
63424259
63240820
63212640
63446449
63257227
63386340
63241973
63222893
63255574
63423165
63294832
63262592
63637702
64524448
64145829
63689078
63525860
63455473
63545333
63581417
63528362
63793656
63638167
63898306
63679367
63688754
63723592
63710638
63632406
63767132
63638242
63776212
63644587
63670001
63703004
63762927
63728392
63709407
63720666
63807179
63785954
63993511
64068888
63841265
63806286
64774995
64075784
63897336
63910831
63866367
63922187
63926726
63940824
63961501
63987212
64760561
64051656
68063645
64286783
64171319
64262643
64427249
64563291
64303259
64345816
64393771
64519010
64423442
64410715
64420754
64431574
64605417
64448797
64577294
64359183
64373971
64527033
64421477
64567632
64695750
64455946
64622238
64516025
64506665
64499958
64544221
64589214
64731933
65037929
64763033
64766237
64883168
64725839
64756536
64871969
64883847
65038606
65114990
64965023
64868803
65102934
65118138
65326928
65181683
65269105
65271658
65198822
65175592
65153120
65197837
65448137
65387284
65385139
65434824
65225379
65148076
65114494
65249699
65711708
65382210
65796330
65490802
65509332
66033604
79414856
72336294
67638881
66883685
65514861
65520301
65385534
65402282
65547143
65640636
67484252
72637678
72773836
72337305
67554450
67886767
67878442
66893570
66511167
66871318
65932294
65715732
65784393
66230889
65844473
66631902
67008447
84688106
74852449
66615646
66440762
65867791
65806067
65893032
65875310
65893157
65926597
68604397
69401904
69357275
68419957
69117401
69271392
67325611
66105399
66477984
66061274
66099493
66127772
66100943
66103042
66242076
66162128
66239637
70839793
66290753
66384553
66727518
73683913
70185744
70534461
70091586
69650994
68784762
68622051
69712567
69929720
69704169
67454934
66946733
66885058
66893530
66961910
66905501
66913500
66637074
66614807
66573378
66586027
66750078
66687861
66778789
66649687
68021726
67532521
69088519
77763671
68371731
68005074
71572029
69821886
69095533
68405908
82524305
69868640
67375337
66976633
67273294
67708515
70484876
72195655
71397363
69829018
70446932
68359018
68059143
78021598
69903999
68207438
67200637
67349720
67236530
72001255
68233825
67926487
68036747
67951263
74155099
73304642
71014924
74218394
69624023
67477856
67649728
67498483
68639083
67477756
67516838
67628373
68287433
67615294
67803462
67853478
67624689
67634046
67694401
67714373
67704647
67690308
67667385
67739423
67708837
67737227
67764242
68343804
67862049
67971023
67852950
67959904
67905099
67898572
68111184
68114024
67984235
67987695
68021936
68356071
68082021
68371950
68480441
68208443
68737022
68209261
68192593
68191788
68401416
68233252
68453037
68467540
68317736
68465661
68326358
68374507
68617332
70447971
69492907
69195542
69187244
69229183
69273216
69614959
69574378
69527605
70915190
69573361
75625070
68630571
68715283
68613955
68852393
68705978
68694722
69127571
77039975
88869926
79614707
74946474
72071749
69034425
68903541
68879707
69237197
68851405
68905415
68902935
68858661
68910150
69597868
69027661
68951201
69528886
70782512
70899188
72652091
69322019
69305946
70603293
72277587
69507832
70947846
70217954
70070798
70117938
70139206
69428186
69927017
70393613
71135405
69778954
70682151
71206328
71476508
70162208
73028931
77947609
77427203
75906571
78571220
72993970
121226756
90069630
79639725
75985260
71751752
69807132
70656253
69713827
70246399
71421317
70636963
71521402
75536012
74682190
74473577
74099451
70825558
84396044
104453273
71561790
76478648
73640073
73593726
72798153
72166410
91662587
81623705
79781329
86320866
80545886
81856054
86852789
88123724
109564198
80442543
70834109
73950602
95336930
74108272
70250553
70631518
71827307
71031510
70330750
70372763
70437743
70375027
70353461
70557848
70512792
81748202
100761301
93071476
75553304
73569195
113195055
109150002
119464439
142807153
152005579
103803919
85979325
85697990
100754188
98792345
93953675
121576546
107199903
106076573
108139275
88927173
77940380
78407901
103990906
96428647
116900667
104755830
97347988
84255434
79656091
80205677
80759254
111162450
78398740
85513517
90375656
90640320
94468043
99633131
111595534
106750657
115786947
84669933
81499357
75491980
85875877
76243967
73900878
75270857
74303006
80742337
75583221
74205995
85601220
103641276
104920917
82804366
74647623
73252193
74426157
72548411
74332779
74196759
107835703
71859492
72122126
72179697
100820303
74231674
73539731
78434034
90322756
140053962
104483041
107488362
122232222
102338414
104686897
100971259
94306320
87111621
115557559
104695620
86000187
82436777
85461639
124968040
89013005
87553884
104618461
118553317
84274095
111624352
121304569
136184624
108098603
98209113
85441138
110750399
156556799
133548120
146244519
161641884
155357451
141512551
113026246
142190411
166326963
136254825
139295924
102363697
107816864
136863956
176959886
171859381
174240342
157564265
172241700
165456364
114366252
111921981
105483083
95742543
166243446
114132088
113619067
106017905
119115041
154355988
167520007
144289938
117040886
117286318
146630318
119289821
127417821
164689767
169920678
108724232
111243045
157567661
151475014
141585478
139423565
111619263
120000556
135963120
93777631
97041567
101297051
79501006
74234411
75150073
75262947
76305851
76775351
75282578
74176042
73471871
73882179
73527119
73481688
73474170
73590042
73733757
83973915
86037135
77292997
79541718
78508176
74964072
74331450
74223446
74039495
77365149
80150828
74863485
74847243
81018821
95773541
111817909
77941011
77531135
73882824
74044524
73857808
74035114
73960523
74086896
74084067
74032583
79052073
74277096
86817720
82743378
89537959
99167526
81680273
93519470
75662156
76627090
77104458
78293402
82021833
75832262
78017148
79091372
78160992
75392026
75327545
78472104
80553589
79336164
76421690
76111550
75303114
75542460
75026840
74560797
74540489
75462814
75070775
75462825
75029260
74730877
74730836
74750708
74713872
74742957
77433627
74709885
74800409
76155988
76201416
75806158
76014624
76935203
76449531
82061306
85358721
82326976
98669226
113426671
142872123
149272741
113980475
80929807
75048728
75182967
75563940
75499130
77240514
99848774
85582965
79518382
89132903
75439394
75326012
78102344
75657304
82091244
76338416
77141733
78507881
79909065
92253227
76642102
77520500
75671946
75708248
78089628
78662894
77715872
76719859
79302301
78948883
94157636
76286019
76580598
76416943
78781277
79761350
78729208
90619382
75962079
76291600
77602252
76941386
77945557
93372850
82219711
77397904
76499104
76053281
76186132
76141853
76162102
76237233
76187013
76201258
76180543
76422771
77230307
76774761
76369215
76691129
76329316
76291528
76411029
76268395
76457004
76413417
76343029
76340179
76520231
77398581
77087482
76689322
77581960
76701848
76496531
76432017
76475722
76589688
76612637
76637305
76627877
76768557
77304827
76732381
76708830
76633419
76685237
76685219
77215718
76736660
76973774
76970770
77109855
76840599
76806831
79461119
76924223
77021427
76874034
76920363
77005632
117611824
83447986
77087330
81648472
77038600
77317215
77337480
77358608
97079284
94167685
84146020
77555959
77239358
77345275
78246335
77756451
77281129
77372034
77615856
79009128
78646071
77450302
77503079
77436785
77458345
77437022
77459321
77475614
77632644
77516682
77750081
77753678
77661660
77634811
77762972
77743175
77736333
78019914
77885747
77695413
83573295
78041250
78047870
77814071
77861034
78002929
77972446
77932003
82888758
77903988
77929041
78171382
78188945
77970936
78079188
78098661
78879317
78534022
78397885
78350683
78190138
78383384
78252404
78293936
78333686
78444339
78242477
78371467
78294610
78487431
78900844
78365123
78387619
78435073
78479541
79470934
78513139
78680660
78625536
78529728
78501259
78752333
78614423
78855478
78848778
78703587
78614880
83259282
78716545
78789072
78925409
79056766
78736289
78740122
78833330
82864335
78902821
78908322
79691373
78927259
78927622
78963146
78929876
78937395
79001860
78984239
79140761
79162090
79201142
79109028
79100692
79163717
79166006
79371692
79159165
79238034
79217829
79229264
79213365
79274806
79379983
79672505
79368436
79361159
79405160
79462651
79719844
79437821
79499688
79449626
79467447
79491996
79879090
79832551
79583281
79596205
79595657
79653300
79619972
79816743
79674529
79759297
79711925
79729173
79721620
79788285
80119655
79859969
79848274
79844130
79891502
79967266
79870997
79966681
80042364
80057369
80079938
80009274
80076844
80050202
80105154
80097190
80080906
80163423
80395907
80296907
80200786
80238499
80245335
80517107
80366939
80408916
80553473
80458078
80465149
80355754
80415882
80423069
80932870
80463329
80715824
80662636
80785274
80809097
80925603
80862899
81145169
80961148
80986674
81487016
80913645
81115457
80708277
80753106
81779038
83913872
81175708
81100341
82040214
80968077
80998043
80902548
81049868
81131904
80940899
81064956
81052234
81058604
82039712
81194527
81167007
81081812
81332253
81133477
81122596
81341643
81176893
81162396
81244276
81256191
81613090
81390237
81456854
81352713
81323667
81501218
81539541
81344093
81664756
81449074
81423629
81557170
81742897
81593603
81777073
81540360
81640048
81640774
81568821
81633900
81887227
81743531
81698655
81822633
81882350
81863484
81819011
81905717
81790718
81786144
81844845
81947377
81993233
81988592
81946531
81982390
81982841
82125289
82142660
82059770
82025639
82322464
82212168
82291144
82164355
82170481
82331687
82151732
82337525
82693395
82516323
85485773
82380905
82413713
82397284
82613697
82357661
82611709
83857616
82670072
82587680
83545275
82616013
82577655
82547556
82623423
82585784
82599212
82814960
82791865
82638306
82666875
82721364
82863778
83027294
82841584
82965401
83018531
82875215
82938522
90073113
82931358
83976953
83075480
82932795
83442767
82984705
82985741
82997420
83018253
83009960
83027167
83197263
83215676
83143581
83237089
83229191
114311088
104106900
83792199
84850572
84300678
83501072
83406853
83365148
83357832
83499481
83807216
83458833
83391120
83575835
83451457
83579411
83705296
83608581
83601118
83570130
83524001
83643820
83715938
84059103
83958017
83715927
83689735
83832996
83802852
83749853
83883406
83809031
83794740
84866113
83922798
84098042
83966336
84095605
84419955
84237541
83963022
84178796
84773082
84242119
84142686
84053172
84165367
84284465
84242240
84314112
84296864
84212052
84178756
84272998
84261963
84345659
84297712
84252639
84383821
84861519
84781995
85176807
84652466
84532030
84485568
84683894
84802068
84732597
84516578
84605232
84639091
84907534
84813003
84717093
84787432
84683727
84664820
84723662
84801896
84731639
84978255
84867732
84774527
85949729
85830518
84938642
84896540
84914659
85217984
84960100
84983380
85188740
85148409
85209996
85346998
85403751
86076870
85984457
85188592
85161147
86622478
86035670
85818350
85612699
85238477
85408753
85589062
86692696
85548667
85396006
85429642
85584657
85706063
85556316
85500428
85556929
85594905
85850030
89217122
85603560
85586672
85617668
85748424
85697227
85762531
85676387
85700311
85814353
85855010
85936088
86871075
85912895
85814337
85870671
85866665
85867834
85927090
85914527
86089295
85991868
86031688
86205125
86235408
86052614
86132387
86109744
86106423
86328722
86209688
86146794
86311206
86183667
86228433
86649852
86468091
86562316
86345280
86431547
86577399
86393691
86412729
86526206
86524154
86668715
86760976
86521454
86488859
86511664
86554685
86677091
86595585
86725984
86661296
86785612
86676894
86688238
87736194
86862123
86798101
86749328
86811753
86898331
86987054
86864479
86883328
87059400
87035349
90562366
87003062
87228463
87039657
87011159
87106134
87050193
87091465
87081217
87292112
87287076
87187208
90160758
87230169
87508218
87389956
87419038
87383931
87490685
87393404
87339849
87492020
87405224
89478807
88166941
87701031
87570664
87502188
87557085
87531246
87622327
87620075
87793224
87758175
87955815
88160169
87814452
87734539
87779635
88753866
87870393
88067672
87816100
87814681
87971112
87949602
88072865
88077954
88090016
88086828
87964029
88296851
88051418
88720991
88117370
88050915
88247885
96958695
88385631
88354392
88345799
88461530
88263522
88341976
88325539
88414787
88336562
88459135
92360171
89087788
88439419
88450287
88428888
88567277
88504601
88554059
88643129
88556739
88607718
88583274
89357805
88656055
88621100
88609127
88870198
88682813
88893827
88745114
88766074
88795882
88807872
88934600
89059442
88853160
88937920
89021114
88925901
89006330
88957134
88954225
89069592
89025938
89021176
89067372
89161075
89170793
89270179
89136787
89221519
89176335
89225627
89251997
89319386
89278487
89326850
89339239
89477996
89467876
89384399
89381906
89508817
89492991
89545496
89535555
89680213
90162378
89615253
90080381
89822543
89596944
89668706
89877458
90137265
89773850
90139219
90195215
89911907
90122492
89965484
90050937
90308043
89892733
89871250
90359856
90065042
90085762
90312952
90123897
90179546
90260223
90115881
90064143
90179510
90100765
90131578
90130419
90275529
91498510
90882621
90535290
90860278
90533942
93022486
90329323
90406130
90329509
90493960
91265734
90446093
90455557
90470222
90563795
90505861
90508512
90512917
91452005
90595191
90639658
91296968
90777967
90875411
90853547
90944358
90697601
90739845
90933706
90815182
90793134
90801506
90857973
90898654
91641084
90985063
90925206
91634963
90963983
91046442
91124704
91083322
91070374
91083072
91177332
91638016
91248562
91196845
91206237
91326855
91914877
91896783
91499457
91309363
91320257
91527284
92913436
91515785
94978319
91703451
92299992
91462536
91633616
91522133
91577947
91690887
91849535
92713843
91754716
91756179
91786894
91736829
91759753
91683944
92148060
91740809
91877060
93378494
91988318
91968497
98544926
92114482
91954376
91993662
91974349
91964150
91995376
92043585
93231002
95066254
92173288
92163783
92273543
92350212
92276458
92266231
92250648
92274232
92401008
92679781
92290136
92394221
92613684
92547597
92472032
92439888
92532692
92530280
92610851
92670498
92753093
92795551
92739569
92673840
92612475
92711042
92627657
92677431
92711997
92848605
92790870
93972682
93092543
92833324
92803445
93036252
92847951
92868899
92866389
92911853
92909460
94991622
93049651
93037068
93118368
93127806
93106481
93137147
93249513
93108769
93253513
93278708
95365403
93511037
93570184
93192954
93467936
93404685
93476909
93395300
93412139
93411364
93473570
94856888
94331130
93562050
93485010
95306043
93511161
93526808
93649236
93571630
93819443
94314935
93822725
93821288
93848521
93747518
93714633
93743865
93869161
93831458
93866500
93911385
93919209
94185676
94017789
93959586
94099643
94105895
93973458
94110582
94158429
94076948
94214218
94623475
94256531
94210855
94156629
94435803
94285539
94302703
94324823
94321338
94465916
94833410
94803904
94572206
94379308
94497297
94682240
94598676
94492099
95436469
94682736
96278286
96292158
94887320
94597650
95003751
94724041
94734359
94757915
94756252
95621824
94926425
96446948
94871716
95677983
94902996
95028174
94888524
94962127
94888918
94903954
95059781
94979770
96026878
95144126
95109875
95143496
95152023
95294260
95314332
95106376
95107812
95309474
95926694
95401692
95253280
95287647
95326300
95334576
95356243
95413286
95361219
95450844
95513491
97085502
95541273
95567373
95557238
95498677
95481005
95581457
95609413
95682022
120349510
162146585
95678402
95830584
95760960
95831684
95755403
95853643
95971373
95921276
95919265
95935651
95885483
96046748
96056694
96022515
96351192
95998358
96082578
96104183
96111945
96290866
96341975
96202784
96248176
96195851
96366143
96347692
96200479
96333736
96252124
96524227
96525504
96345149
96618112
96367941
96447108
96541925
96477290
96745773
96534091
96627784
96651984
96695203
96585545
96826370
96635779
96696416
96692224
96755805
96704589
96721400
96822039
96910386
96816899
96823584
96869888
96893178
97026744
97042373
98021936
97029162
99750144
108689247
98047224
99007938
97199235
97083146
97115446
97263429
97255533
97322436
97354459
98874014
97363951
97366164
97484242
97744644
97347225
97540012
97396330
97573748
97475789
98075856
97706727
97577168
97582563
97659940
97597890
97697945
97612649
97795675
97787320
115143910
97728170
97751975
97909587
97733254
97874689
97863930
97832244
97818399
97834773
98094543
98090887
97986182
97952595
97974742
98014354
98056459
98194373
98065621
98039350
98249920
99760711
98255144
98179110
98272799
98276218
98330925
98235380
98389612
98254451
98313087
98527409
98453112
98353283
98341453
98436121
98548977
98592651
98424303
98506675
98582407
98698825
98523794
98696092
98655983
98604458
98677623
98699742
98744066
98832615
98676902
98824746
98818743
98804058
98792870
98817689
98815776
98858406
98873110
99097186
99051904
99542173
99176816
99097966
99160301
99146251
99278332
99282754
99502336
99271634
99244976
99444710
99318590
99296269
99259137
99354652
99614221
99351098
99324734
99608034
99507203
99656516
99530265
100245002
99528777
99461883
99488347
99555656
99821871
99580462
99607313
99777362
99895117
99668113
99606069
99653346
99861530
99672909
99710946
99854362
99798360
100062246
99966649
99970519
100000254
99988294
100038185
100143622
99995575
100046136
100017066
100147387
100132089
100099845
100386510
100315814
100156679
100189762
100266161
100382750
100299246
100381991
100430433
100370193
100309236
104371050
100576353
100680024
100585376
100581415
100670073
100777157
100884053
100705795
100863262
100665865
100803450
100921004
100781826
100799470
100787196
100911602
100746193
101069063
100880954
101044091
101025364
101110769
100861092
100999592
100961094
101077906
101116820
101071246
101027417
101153332
101125786
101204101
101178763
101248599
101520809
101410245
101178869
101364997
101551315
101445611
101335279
101517411
101346226
101400515
101465042
101701420
101515526
101615913
101599621
101551711
101621226
101565485
101548249
101584017
101803204
101728621
101654792
101702123
101718531
101769294
101902570
101931467
101951160
101901402
102050504
101940612
102006525
101948128
101957499
102218819
102093548
101936637
102088614
102040077
145494816
173208101
102410695
102080044
102193608
102147757
102234900
102375246
102300789
104639426
102520432
102536427
102489644
102435339
102457961
102452888
102419015
102470665
102559032
102598286
102424305
102651680
103483094
102899428
102889254
102616713
102666186
102569824
102593917
102822840
105596920
102759160
102724927
102969436
102827469
102922655
102947083
102886823
102952164
103079082
103118702
103107715
102974959
103030683
103244459
104375617
103420885
103773287
103762161
103324857
103266943
103346895
103192456
103317173
103565520
103312424
103485129
103335951
103556906
103424536
103512282
103529793
103597819
103676386
103468157
103583142
103643015
103908570
106755639
103961438
103796209
103939221
104013691
103672072
103659863
103797241
104862235
104001737
104128325
110623319
108449240
106375473
106052723
105661381
105114312
104856509
106845570
110498115
112696851
118653493
111584851
107294015
107485617
107626451
107065610
104325996
104518223
104289349
104287763
104388945
121753150
120094389
114158075
106722689
105280638
105167734
104539978
104592105
104411495
104498056
104592595
105039285
105478506
105702764
107746019
107949138
108268540
109475923
108734723
107214782
108938197
105940917
105977483
107704908
114945925
111604804
108633306
105234332
105358985
105115783
105013196
116052525
108634205
105475888
106151133
107707985
105527390
105696222
105421721
105502508
105709468
105724318
105493619
105554502
105458397
105286955
105445603
105344204
105297962
105336608
105426633
105499471
105890762
105697340
106090708
105637657
105894771
105721923
105678063
105790065
106450305
107275987
106288847
108916476
106309938
105702544
105749449
106448061
106579956
110318892
114103880
106967888
106523937
106122502
106455294
106019660
106761486
111838027
106658294
117644328
113221527
110072877
106259193
106529976
106685467
106379583
107237671
106679175
106462659
106390519
106263858
106405159
106915638
106596581
106798278
106472251
106755217
106865938
106596559
106662174
107312956
106930252
107007671
107180054
106765077
106893174
107341019
106935548
106860273
106854565
106798897
106762388
106909249
106852701
106902276
107153764
107127288
106990195
107033530
106971876
107127181
107071082
107304707
107451327
107175709
107241032
107389270
107153881
107146367
107144040
107155064
107172097
107205299
107152012
107675205
107622041
107401871
107521560
107624500
107440125
107586041
107478533
107606218
107880074
107602700
107729364
107808397
108066122
108143890
107929929
107997893
107864812
107911616
108816163
107918033
108186170
107873818
107933637
107956258
107874677
107920812
107888593
108292214
108361970
108709124
109968507
111594783
111133287
111425789
111369662
110434747
109312727
108298757
113986406
113592054
112762971
112957930
112716051
111540879
113340501
124490168
112280827
109232248
108573362
108556561
108630226
108595546
108636296
109325569
109030523
109733313
109675924
109234976
117209491
121736580
111910597
116802177
110038384
108838971
109707445
108879692
110181158
108944593
108925738
108957576
109192694
109118748
109113364
109363100
109060734
110336696
109372573
109145946
109323960
112572800
112684855
114491408
109333477
109717262
109429112
124638199
116783762
109675039
110390430
109524918
109429890
110950137
111898658
112779670
109970022
109957596
109727963
109997302
109783134
110047284
110837894
109873555
109731675
109936941
110006962
109838314
109899386
109843881
110436079
151847533
159166044
234727236
138442500
110454791
120040419
118546782
115711587
115438956
110147775
111503205
110154993
110198413
110135745
110345609
110165865
110577219
113573614
110436888
110381057
110341065
111529108
112430744
112400314
114394571
112449744
112531765
123921735
132156534
111003068
110909145
111672193
110933000
112606371
149371180
126191278
111206774
110680829
110734399
110669965
110688627
110847480
110910755
110837095
110960248
110779689
110867947
112589954
112845689
112587843
112750907
115058322
116206421
114156452
112490295
112096409
111248405
111131214
111136334
111379331
111651123
111231002
111539045
111316398
111396555
111476552
111389003
111400913
111311614
111574596
111475184
111773582
111622497
111812436
111700175
111564174
111624936
111733240
111844117
111778330
111708454
111807273
111750658
111690817
112649581
112001243
112018041
112381766
114921261
111874451
112065107
111924230
112136558
112055868
112152291
112261753
112274009
112265849
112223633
112467601
112098366
112131803
112491313
115938746
113117667
112701586
112461629
112580979
112359520
112531028
112474517
112409886
112497432
112568695
112512023
112510831
112693320
112514964
112566998
112689718
112622368
112730322
112711801
112618402
112883330
112740934
112938627
113807010
112776712
112909765
112939215
113155000
112969723
112867558
112891283
112945073
113151883
112973926
112974292
113018378
113712056
114256935
113534909
113173464
113402837
113192827
113745997
113448390
113367014
113246308
113324731
113358899
113268351
113791469
116807205
114132764
113563666
113426888
118770595
117920437
136069399
144670412
123148546
116860345
123519670
135708605
135662048
131363210
114620500
119478881
124923973
113908129
113907850
114493529
115361757
115801651
116101163
116048364
115924550
115793296
115839067
115622442
122847455
140655601
120899183
117794850
125807189
117033429
117504235
117833920
118564544
118379389
119227793
118641760
115098755
114384596
114637511
118582885
164019491
131681107
114987296
114533188
114678613
114979923
115473415
114882042
115231003
117105361
115476467
114717102
119995813
115424639
115153191
115020325
114947029
118898860
115233802
115034325
115221775
115201607
115209940
115012737
115358863
116520355
116297759
116254039
115619897
115433567
115721346
115614385
115526970
132695361
123571020
117066182
116612598
116890332
115500178
115260684
115337708
117059994
115790418
116643061
115819115
116024397
115697076
115883038
115733864
116013048
116215412
116311772
115688116
116058826
115791556
115859712
115807310
115739774
116245329
116548260
116238791
116188942
116046812
116035243
116035767
116088507
116112432
116079311
116128382
117272741
116674066
116182691
116112207
116416016
116787638
116406543
116648584
116742233
116375035
116903212
116374379
116376051
116426683
116767260
116761116
116544246
117001993
116669725
116738771
116744653
116806920
116566335
116723989
116703779
116629295
119109890
118682498
116796283
117030996
127430651
117200353
116864230
116790103
117766915
117186893
117051016
117097812
116991917
118064420
117300486
117765978
117892281
117415543
117258561
117322069
117196852
117319488
117225721
117112375
117439669
118815151
117350303
120063787
117486124
117627940
117677036
117807818
117452375
117456580
119763405
117639688
118268694
117787691
119387123
118487168
117753204
117654034
119685928
117999223
117675991
117872624
117855657
118097834
118252936
119155441
118165877
118413035
118304531
117984611
118053985
118196304
118220989
118085496
118019107
118367514
118334397
119099694
118657500
118601417
118192196
118710960
118445061
120067302
120367921
118332347
118393072
118515942
118727622
118531132
118477430
118586447
118580536
118466591
118638563
118853470
118886535
118776068
118756112
118810929
119115817
120087040
119543696
118966412
119053508
118884576
119484707
119055385
118968837
119533601
119363575
118914027
119043935
118920345
119208731
119144078
119343288
121865762
119488054
119223841
119391158
119278912
119089330
119092385
119386421
119968213
119726226
119632906
119527201
119865897
121156689
123678880
124371938
120151269
120601637
120665319
120390691
120366664
120110981
120425235
120163006
126748334
120639393
122165021
120845798
120274500
120071970
121881707
123409779
123319176
123818309
123769514
124072042
123316458
122722838
122536641
